Hour,Minute,Year,Month,Date,ATT1,ATT2,ATT3,ATT4,ATT5,ATT6,ATT7,ATT8,ATT9,ATT10,ATT11,ATT12,ATT13,ATT14,ATT15,ATT16,ATT17,ATT18,ATT19,ATT20,ATT21,ATT22,ATT23,ATT24,ATT25,ATT26,ATT27,ATT28,ATT29,ATT30,ATT31,ATT32,ATT33,ATT34,ATT35,ATT36,ATT37,ATT38,ATT39,ATT40,ATT41,ATT42,ATT43,ATT44,ATT45,ATT46,ATT47,ATT48,ATT49,ATT50,ATT51,ATT52,ATT53,ATT54,ATT55,ATT56,ATT57,ATT58,ATT59,ATT60,ATT61,ATT62,ATT63,ATT64,ATT65,ATT66,ATT67,ATT68,ATT69,ATT70,ATT71,ATT72,ATT73,ATT74,ATT75,ATT76,ATT77,ATT78,ATT79,ATT80,ATT81,ATT82,ATT83,ATT84,ATT85,ATT86,ATT87,ATT88,ATT89,ATT90,ATT91,ATT92,ATT93,ATT94,ATT95,ATT96,ATT97,ATT98,ATT99,ATT100,ATT101,ATT102,ATT103,ATT104,ATT105,ATT106,ATT107,ATT108,ATT109,ATT110,ATT111,ATT112,ATT113,ATT114,ATT115,ATT116,ATT117,ATT118,ATT119,ATT120,ATT121,ATT122,ATT123,ATT124,ATT125,ATT126,ATT127,ATT128,ATT129,ATT130,ATT131,ATT132
0,0,2019,3,30,-10.0,-999.0,0.0,15400.0,-10.0,-10.0,-10.0,8.561915375292301,26.39363098144531,1.69281005859375,9.757118225097656,-0.18291091918945312,5771.49169921875,259.8642578125,244.93728637695312,11.830580711364744,5.5670814514160165,3129.262451171875,276.11093139648443,225.49978637695312,4.089124679565431,7.04045295715332,1539.154296875,282.37823486328125,274.4429473876953,4.237989425659181,3.537944793701172,287.37164306640625,280.1840667724609,0.6546859741210938,3.5197982788085938,291.80029296875,288.3683319091797,-4.429259300231934,7.1733760833740225,0.0,-0.0036416053771972656,-0.005614280700683594,101968.0,166.65041255950928,0.0,0.0,0.0,0.0,0.0,0.0,0.0,0.0,0.0,0.0,0.0,0.0,0.0,0.0,-4.3112144470214835,6.477363586425781,101940.0,2.9952545166015625,292.0950164794922,0.0,7.0,0.0,0.0,0.0,0.0,292.37542724609375,290.8221435546875,0.01182,290.07496643066406,85.5,-2.6814069747924805,3.596763610839844,4.500692794448696,-2.6814069747924805,3.596763610839844,-50.0,0.0,0.0,0.0,0.0,0.0,0.0,0.0,0.0,0.0,0.0,0.0,0.3054,0.3,-11.0,8.0,80.0,8.0,0.0,140.0,-21.0,17.959893822669986,0.0,0.0,0.625,0.625,--,--,--,--,--,270.1,0.0,326.3,0.0,383.8165893554688,0.0,0.0,0.0,50.0,50.7,1.6606302261352541,-1.622476577758789,5.0545921325683585,-0.9217643737792968,15.991893768310547,-1.3225250244140625,3720.48,5.0,65100.0,3720.0,5.0,65000.0,5260.0,6650.0,0.5,50.0
1,0,2019,3,30,-10.0,-999.0,0.0,15000.0,-10.0,-10.0,-10.0,8.368324715644121,25.55464172363281,5.4212913513183585,9.095163345336914,1.9532585144042969,5770.28466796875,258.83560180664057,253.62478637695312,12.782337188720705,7.3340187072753915,3130.515625,276.4513092041016,211.18728637695312,4.592966079711914,7.202770233154298,1538.2275390625,282.73846435546875,274.74978637695307,3.4824428558349614,3.6889591217041016,287.53759765625,279.24978637695307,-0.07118797302246094,2.506643295288086,291.69097900390625,288.8122863769531,-5.221403121948242,7.809957504272461,0.0,0.007539749145507811,0.029440760612487793,101951.0,165.22829264402392,0.0,0.0,0.0,0.0,0.0,0.0,0.0,0.0,0.0,0.0,0.0,0.0,0.0,0.0,-4.779701232910156,6.656299591064452,101920.0,2.9952545166015625,291.2329559326172,0.0,7.5,0.0,0.0,0.0,0.0,291.8207244873047,290.2283020019531,0.01163,289.8116760253906,86.60000000000002,-2.575460433959961,3.1679515838623047,4.063950002775528,-2.575460433959961,3.1679515838623047,-50.0,0.0,0.0,0.0,0.0,0.0,0.0,0.0,0.0,0.0,0.0,0.0,0.3058,0.26,-19.0,3.0,40.0,8.0,-0.4,80.0,-29.0,18.74740034341812,0.0,49.375,11.375,49.375,--,--,6015.330215454102,--,8668.250846862793,264.6,0.0,326.2000000000001,0.0,379.4954528808594,0.0,0.0,0.0,50.0,36.8,2.5996618270874023,-1.5899085998535156,4.155876159667969,-1.309711456298828,17.058879852294922,0.7186126708984375,3737.2,4.0,65000.0,3740.0,4.0,64900.0,5180.0,6590.0,-0.6000000000000001,80.0
2,0,2019,3,30,-10.0,-999.0,0.0,15200.0,-10.0,-10.0,-10.0,8.153653332963586,21.454513549804688,6.054893493652344,11.423877716064453,6.834030151367188,5769.75390625,258.88699340820307,256.93728637695307,14.003982543945312,4.908428192138672,3134.6533203125,276.6732940673828,229.43728637695312,5.979404449462893,6.3235626220703125,1541.795654296875,283.0050048828125,276.68728637695307,2.397357940673828,4.280895233154297,287.92730712890625,280.31228637695307,-1.0993051528930664,2.7728137969970703,291.76593017578125,288.4997863769531,-5.403524398803711,7.981124877929687,0.0,0.00014400482177734375,0.011119365692138672,101976.0,167.44945526123047,0.0,0.0,0.0,0.0,0.0,0.0,0.0,0.0,0.0,0.0,0.0,0.0,0.0,0.0,-4.647132873535156,6.404510498046875,101940.0,2.9952545166015625,291.1429443359375,0.0,8.0,0.0,0.0,0.0,0.0,291.7084045410156,290.09031677246094,0.01152,289.67323303222656,86.10000000000002,-1.9079914093017576,2.693767547607422,3.3177388454787438,-1.9079914093017576,2.693767547607422,-50.0,0.0,0.0,0.0,0.0,0.0,0.0,0.0,0.0,0.0,0.0,0.0,0.3058,0.2,-14.0,2.0,20.0,8.0,-0.1,60.0,-52.0,20.90496838092804,0.0,78.875,79.625,79.625,--,--,5484.636325836182,--,9161.164665222168,249.8,0.0,335.7000000000001,0.0,379.0561065673828,0.0,0.0,0.0,66.0,24.8,1.5042228698730469,-2.035953521728516,2.4586048126220703,-0.6551399230957031,19.05000877380371,-1.8358039855957031,3724.32,8.0,65200.0,3720.0,8.0,65000.0,5020.0,6650.0,-0.2,70.0
3,0,2019,3,30,-7.0625,-999.0,0.004,14500.0,-10.0,-10.0,-8.0625,5.4950210489332685,17.89177131652832,6.957763671875,7.1048316955566415,5.0565757751464835,5769.22900390625,258.51519775390625,256.68728637695307,15.606639862060547,-0.9268569946289062,3135.79931640625,276.79180908203125,228.56228637695312,6.444843292236327,4.790851593017578,1542.6689453125,283.0874481201172,274.43728637695307,4.791433334350586,3.5529937744140625,287.7698059082031,279.57989501953125,-0.09350204467773438,3.409198760986328,291.60955810546875,288.02880859375,-4.3556861877441415,8.770673751831055,0.0,0.002148628234863281,-0.03011798858642578,101996.0,168.96257877349854,0.0,0.0,0.0,0.0,0.0,0.0,0.0,0.0,0.0,0.0,0.0,0.0,0.0,0.0,-3.5574016571044917,6.8759708404541025,101960.0,2.9952545166015625,290.4453125,0.0,8.6,0.0,0.0,0.0,0.0,291.29693603515625,289.6469268798828,0.011609999999999999,289.79742431640625,88.10000000000002,-1.3857307434082031,2.853218078613281,3.1913869560230523,-1.3857307434082031,2.853218078613281,-50.0,0.0,0.0,0.0,0.0,0.0,0.0,0.0,0.0,0.0,0.0,0.0,0.3058,0.18,-19.0,1.0,30.0,8.0,-0.5,80.0,-55.0,20.703865408897396,0.0,61.5,80.25,80.25,53400.0,5269.220916748047,6644.999244689941,31200.0,9995.275955200195,190.7,0.0,352.1,0.0,375.32501220703125,0.0,0.0,0.0,60.0,38.2,0.2543315887451172,-2.3077449798583984,3.183662414550781,-0.2081947326660156,18.635263442993164,-8.069236755371094,3716.96,11.0,65200.0,3720.0,11.0,65100.0,4990.0,6590.0,-0.2,50.0
4,0,2019,3,30,5.0625,-999.0,0.0116,14800.0,-10.0,5.0625,2.625,9.005569003522396,16.862173080444336,7.7193946838378915,7.4382667541503915,7.1211585998535165,5762.546875,257.77520751953125,255.99978637695312,14.965360641479492,-2.4944801330566406,3131.6083984375,276.74044799804693,246.93728637695312,7.773638725280763,4.111034393310547,1536.0062255859375,283.2650909423828,274.56228637695307,3.2511978149414062,3.826248168945313,287.8040771484375,280.89540100097656,-0.8111419677734375,4.555427551269531,291.4888000488281,288.00767517089844,-4.955556869506836,9.387561798095703,0.0,-0.0009942054748535156,-0.01643061637878418,101914.0,161.94492721557614,0.0,8.25,0.0,0.0,0.0,0.0,0.0,0.0,0.0,0.0,0.0,0.0,0.0,0.0,-4.3784942626953125,7.526538848876952,101870.0,2.9952545166015625,290.1690216064453,0.0,9.2,0.0,0.0,0.0,0.0,291.2404022216797,289.7593994140625,0.01155,289.70050048828125,87.2,-2.254021644592285,3.244592666625977,3.938139285310172,-2.254021644592285,3.244592666625977,-50.0,0.0,0.0,0.0,0.0,0.0,0.0,0.0,0.0,0.0,0.0,0.0,0.3058,0.24,-33.0,1.0,40.0,8.0,-1.5,110.0,-50.0,22.447835385799408,0.0,16.125,16.5,16.5,63100.0,3961.937047958374,4600.024394989014,49100.0,5888.038482666016,210.8,0.0,377.70000000000016,0.0,373.7962493896485,0.0,0.0,0.0,116.0,44.3,-0.10093498229980467,-2.4943866729736333,3.0165586471557617,0.3929767608642578,18.49562644958496,-9.401592254638672,3549.04,27.0,66600.0,3550.0,27.0,66400.0,5040.0,6400.0,-1.1,60.0
5,0,2019,3,30,-10.0,-999.0,0.0,15500.0,-10.0,-10.0,-10.0,8.769858548417687,18.57347869873047,9.781375885009766,13.316261291503904,9.42989730834961,5755.162109375,257.70645141601557,254.93728637695312,14.30341339111328,-2.9486618041992188,3124.2021484375,277.11141967773443,252.74978637695312,6.379700660705566,4.41996955871582,1529.238037109375,282.8556213378906,275.43728637695307,2.6856136322021484,4.1950531005859375,287.655029296875,280.03781127929693,-1.4928226470947266,5.085296630859375,291.3031921386719,287.5974578857422,-4.689763069152832,9.166545867919922,0.0,-0.024539947509765625,-0.0015249252319335938,101842.0,155.82254219055176,0.0,0.0,0.0,0.0,0.0,0.0,0.0,0.0,0.0,0.0,0.0,0.0,0.0,0.0,-3.946605682373047,7.5907649993896475,101810.0,2.9952545166015625,290.255615234375,0.0,9.8,0.0,0.0,0.0,0.0,291.38185119628906,289.88938903808594,0.0114,289.4378356933594,85.30000000000003,-1.9522724151611328,3.676559448242188,4.126897539827041,-1.9522724151611328,3.676559448242188,-50.0,0.0,0.0,0.0,0.0,0.0,0.0,0.0,0.0,0.0,0.0,0.0,0.3058,0.25,-36.0,2.0,40.0,8.0,-1.2000000000000002,130.0,-87.0,22.59041976928711,0.0,43.75,0.0,43.75,58200.0,4605.437093734741,3970.848243713379,58200.0,5248.861911773682,229.8,0.0,366.3,0.0,374.3477325439453,0.0,0.0,0.0,77.0,28.5,-0.6301555633544922,-1.9562091827392576,2.049398422241211,0.5611171722412109,18.275711059570312,-10.538692474365234,3674.24,50.0,65500.0,3670.0,50.0,65300.0,4890.0,6420.0,-0.6000000000000001,50.0
6,0,2019,3,30,-10.0,-999.0,0.0,16100.0,-10.0,-10.0,-10.0,8.304166667163372,18.861251831054688,7.929527282714844,13.51352310180664,8.739833831787111,5750.40283203125,257.8863525390625,249.31228637695312,13.888233184814453,-5.241691589355469,3119.530029296875,277.56552124023443,249.56228637695312,6.9992427825927725,4.835321426391602,1523.131591796875,282.66624450683594,276.62478637695307,2.575592041015625,5.179817199707031,287.528564453125,281.0515594482422,-1.599863052368164,5.931901931762695,291.37506103515625,287.63499450683594,-3.6817121505737305,9.136865615844727,0.0,0.009519577026367188,0.013884544372558594,101771.0,150.01671600341797,0.0,0.0,0.0,0.0,0.0,0.0,0.0,0.0,0.0,0.0,0.0,0.0,0.0,0.0,-3.0753307342529297,7.457895278930664,101740.0,2.9952545166015625,290.36102294921875,0.0,10.4,0.0,0.0,0.0,0.0,291.2922058105469,289.9112854003906,0.011160000000000002,289.1057586669922,84.0,-1.2296133041381836,3.3436603546142583,3.5633752924622972,-1.2296133041381836,3.3436603546142583,-50.0,0.0,0.0,0.0,0.0,0.0,0.0,0.0,0.0,0.0,0.0,0.0,0.3058,0.2,-25.0,2.0,20.0,8.0,-0.6000000000000001,110.0,-120.0,22.43696701526643,0.0,0.0,0.0,0.0,--,--,--,--,--,263.7,0.0,328.3,0.0,374.8266754150391,0.0,0.0,0.0,79.0,15.4,-1.452005386352539,-1.4350814819335938,0.76519775390625,1.863393783569336,16.96084976196289,-13.43218994140625,3660.08,51.0,65600.0,3660.0,51.0,65400.0,4900.0,6330.0,-0.2,50.0
7,0,2019,3,30,-10.0,-999.0,0.0,15100.0,-10.0,-10.0,-10.0,5.412575490772724,19.557512283325195,4.8984336853027335,15.298185348510742,4.717235565185547,5748.11767578125,258.2477264404297,243.12478637695312,14.437644958496096,-5.332252502441406,3115.78271484375,277.93264770507807,253.31228637695312,8.398414611816406,4.712381362915039,1518.09130859375,282.8056945800781,275.87478637695307,2.9302845001220703,5.5689697265625,287.8057861328125,279.8806304931641,-0.7491064071655273,6.080936431884768,291.54998779296875,287.0309143066406,-2.4331750869750977,8.689418792724611,0.0,-0.020626068115234368,0.002851724624633789,101704.0,144.4404106140137,0.0,0.0,0.0,0.0,0.0,0.0,0.0,0.0,0.0,0.0,0.0,0.0,0.0,0.0,-2.0858917236328125,7.100767135620117,101670.0,2.9952545166015625,289.3553466796875,0.0,11.2,0.0,0.0,0.0,0.0,290.3596496582031,289.0098876953125,0.01096,288.8399200439453,86.30000000000004,-0.7353334426879883,2.6107254028320312,2.689206197741441,-0.7353334426879883,2.6107254028320312,-50.0,0.0,0.0,0.0,0.0,0.0,0.0,0.0,0.0,0.0,0.0,0.0,0.3058,0.13,-15.0,1.0,40.0,8.0,0.5,60.0,-202.0,20.51009738445282,0.0,0.0,0.0,0.0,--,--,--,--,--,265.40000000000003,0.0,323.1,0.0,369.7672119140625,0.0,0.0,0.0,93.0,16.7,-0.6744060516357422,-1.6276016235351562,0.8003063201904297,2.639589309692384,17.083061218261722,-12.87136459350586,3678.88,53.0,65400.0,3680.0,53.0,65200.0,4930.0,6370.0,0.6000000000000001,10.0
8,0,2019,3,30,-10.0,-999.0,0.0,15400.0,-10.0,-10.0,-10.0,4.225334759801626,20.24430084228516,1.2738609313964844,15.324350357055664,0.8085441589355469,5746.27001953125,258.3021850585937,242.49978637695312,14.28689956665039,-5.117919921875,3113.41357421875,278.06704711914057,254.49978637695312,9.458455085754396,3.8160343170166016,1515.3265380859375,282.70213317871094,277.06228637695307,2.9812049865722656,5.70182991027832,287.79344177246094,281.31228637695307,0.4354162216186523,6.175704956054688,291.6932373046875,286.81785583496094,-1.5076866149902344,7.920768737792969,0.0,0.026350021362304688,0.015974044799804688,101666.0,141.26859283447266,0.0,0.0,0.0,0.0,0.0,0.0,0.0,0.0,0.0,0.0,0.0,0.0,0.0,0.0,-1.3596725463867188,6.125629425048827,101640.0,2.9952545166015625,288.64013671875,0.0,12.4,0.0,0.0,0.0,0.0,289.6544494628906,288.3419952392578,0.01065,288.3753204345703,85.7,-0.5452079772949219,2.377857208251953,2.43760234516958,-0.5452079772949219,2.377857208251953,-50.0,0.0,0.0,0.0,0.0,0.0,0.0,0.0,0.0,0.0,0.0,0.0,0.3058,0.09,-10.0,0.0,50.0,8.0,1.2000000000000002,40.0,-275.0,21.17916476726532,0.0,0.0,0.0,0.0,--,--,--,--,--,264.2,0.0,324.3,0.0,366.0689392089844,0.0,0.0,0.0,112.0,24.5,-0.0960702896118164,-1.998979568481445,1.3355026245117188,3.101818084716797,16.216548919677734,-12.01630401611328,3691.68,53.0,65300.0,3690.0,53.0,65100.0,4930.0,6370.0,1.0,10.0
9,0,2019,3,30,-10.0,-999.0,0.0,15100.0,-10.0,-10.0,-10.0,4.04291632771492,21.48059844970703,-1.7245597839355469,16.297197341918945,-2.46170425415039,5744.8125,258.175537109375,241.12478637695312,13.105310440063475,-4.819530487060547,3112.1640625,278.23477172851557,251.74978637695312,10.22271728515625,2.419137954711914,1512.291748046875,283.0671691894531,276.1808319091797,3.0981693267822266,6.1214542388916025,287.85777282714844,283.3122863769531,1.410503387451172,6.214632034301758,291.79541015625,286.7438659667969,-0.9485855102539062,7.609691619873048,0.0,6.198883056640625e-05,-0.005776166915893555,101620.0,137.47356414794922,0.0,0.0,0.0,0.0,0.0,0.0,0.0,0.0,0.0,0.0,0.0,0.0,0.0,0.0,-1.1561203002929688,5.954805374145508,101590.0,2.9952545166015625,288.21363830566406,0.0,13.7,0.0,0.0,0.0,0.0,289.3080749511719,288.0000762939453,0.01054,288.2267608642578,86.5,-0.6335296630859375,2.521749496459961,2.5657360269688065,-0.6335296630859375,2.521749496459961,-50.0,0.0,0.0,0.0,0.0,0.0,0.0,0.0,0.0,0.0,0.0,0.0,0.3058,0.1,-12.0,-2.0,40.0,8.0,1.5,10.0,-350.0,20.717000424861904,1.125,0.0,0.0,1.125,--,--,--,--,--,265.90000000000003,0.0,325.0,0.0,363.74786376953125,0.0,0.0,0.0,133.0,33.800000000000004,-0.18189620971679688,-2.05472183227539,2.1436767578125,3.1093044281005864,14.591667175292967,-11.59503936767578,3688.32,44.0,65300.0,3690.0,44.0,65100.0,4950.0,6350.0,0.9,10.0
10,0,2019,3,30,-10.0,-999.0,0.0,15100.0,-10.0,-10.0,-10.0,3.347514256834984,22.87740707397461,-1.4951095581054688,18.97892189025879,-2.9217567443847656,5749.11279296875,257.921875,236.62478637695312,11.194536209106444,-5.2563438415527335,3115.23486328125,278.261474609375,252.93728637695312,10.944130897521973,1.2922725677490234,1515.381103515625,283.27427673339844,276.49954223632807,3.666026115417482,6.2789268493652335,288.3244171142578,281.363037109375,1.7822484970092771,5.99860954284668,291.77549743652344,286.1698303222656,-1.2219581604003906,6.9037437438964835,0.0,0.026241779327392568,0.026116609573364258,101643.0,139.4004096984863,0.0,0.0,0.0,0.0,0.0,0.0,0.0,0.0,0.0,0.0,0.0,0.0,0.0,0.0,-1.2653255462646484,5.104265213012695,101610.0,2.9952545166015625,287.7322235107422,0.0,15.2,0.0,0.0,0.0,0.0,288.7845764160156,287.4477996826172,0.01045,288.08251953125,86.4,-0.5991830825805664,2.1540699005126958,2.2553371889516707,-0.5991830825805664,2.1540699005126958,-50.0,0.0,0.0,0.0,0.0,0.0,0.0,0.0,0.0,0.0,0.0,0.0,0.3058,0.06,-6.0,-2.0,50.28432846069336,8.0,1.4,10.0,-408.0,20.27688992023468,29.75,0.0,0.0,29.75,--,--,--,--,--,264.90000000000003,0.0,322.5,0.0,361.4774932861328,0.0,0.0,0.0,170.0,38.90000000000001,-0.8367671966552734,-1.6939010620117188,2.438051223754884,2.674232482910156,12.650382995605467,-11.494937896728516,3692.0,42.0,65300.0,3690.0,42.0,65100.0,5010.0,6320.0,1.2000000000000002,0.0
11,0,2019,3,30,-10.0,-999.0,0.0,15000.0,-10.0,-10.0,-10.0,3.025709742680192,26.150745391845703,-5.053089141845703,20.98125457763672,-6.211334228515625,5750.99609375,257.79429626464844,237.912109375,11.921623229980467,-5.4923667907714835,3115.466064453125,278.22702026367193,254.74978637695312,9.980463981628418,-0.4653835296630859,1516.309814453125,283.16265869140625,276.72569274902344,3.4455108642578125,6.084857940673827,288.05389404296875,282.0742950439453,1.6275453567504885,6.4238319396972665,291.55352783203125,286.2662811279297,-1.4942398071289062,6.5197105407714835,0.0,-0.010782241821289062,-0.005233049392700195,101663.0,140.96081161499026,0.0,0.0,0.0,0.0,0.0,0.0,0.0,0.0,0.0,0.0,0.0,0.0,0.0,0.0,-1.668783187866211,4.368328094482422,101630.0,2.9952545166015625,287.3240203857422,0.0,16.8,0.0,0.0,0.0,0.0,288.4424285888672,287.14007568359375,0.01032,287.9139404296875,86.30000000000004,-1.1269989013671875,2.091981887817384,2.3789047067984943,-1.1269989013671875,2.091981887817384,-50.0,0.0,0.0,0.0,0.0,0.0,0.0,0.0,0.0,0.0,0.0,0.0,0.3058,0.07,-7.0,-4.0,30.0,8.0,1.6,0.0,0.0,20.794726073741923,0.0,0.0,0.0,0.0,--,--,--,--,--,265.6,0.0,323.2000000000001,0.0,359.3522491455078,0.0,0.0,0.0,182.0,43.1,-0.8133096694946289,-2.2232818603515625,2.644550323486328,3.0888328552246094,13.462352752685547,-11.368667602539062,3703.12,43.0,65200.0,3700.0,42.0,65000.0,5050.0,6300.0,1.1,0.0
12,0,2019,3,30,-10.0,-999.0,0.0,13800.0,-10.0,-10.0,-10.0,3.225382648408413,30.21505546569824,-10.008415222167967,23.12601661682129,-8.278743743896483,5753.17724609375,257.57012939453125,241.46478271484366,12.457176208496096,-4.5607452392578125,3117.08642578125,277.96441650390625,256.31228637695307,8.498077392578125,-0.19052505493164065,1518.864501953125,283.0926208496094,275.73709106445307,2.6883716583251958,5.729297637939452,288.14093017578125,281.40011596679693,1.5656709671020508,6.814180374145508,291.6981506347656,287.0596466064453,-2.032520294189453,6.358184814453125,0.0,-0.03011655807495117,0.013747930526733398,101690.0,143.29975509643558,0.0,0.0,0.0,0.0,0.0,0.0,0.0,0.0,0.0,0.0,0.0,0.0,0.0,0.0,-2.17329216003418,4.193735122680663,101660.0,2.9952545166015625,287.65257263183594,0.0,18.9,0.0,0.0,0.0,0.0,288.79156494140625,287.4490509033203,0.01083,288.6372375488281,89.7,-1.3156757354736328,2.0107440948486333,2.438249993138016,-1.3156757354736328,2.0107440948486333,-50.0,0.0,0.0,0.0,0.0,0.0,0.0,0.0,0.0,0.0,0.0,0.0,0.3058,0.07,-8.0,-7.0,20.0,8.0,0.4,90.0,-252.0,20.2156634926796,0.0,0.0,0.0,0.0,--,--,--,--,--,268.2,19.9,323.4000000000001,2.5,361.0947113037109,148.0,14.2,27.8,172.0,47.5,-0.6622800827026367,-2.45705795288086,2.46548843383789,3.452232360839844,14.404884338378904,-10.414039611816406,3720.08,38.0,65100.0,3720.0,38.0,64900.0,5050.0,6280.0,-0.1,30.0
13,0,2019,3,30,-10.0,-999.0,0.0,12500.0,-10.0,-10.0,-10.0,4.784277554601432,28.779109954833984,-16.62521743774414,23.6756591796875,-9.641380310058594,5756.4794921875,257.2929077148437,246.37478637695312,13.196054458618164,-2.786432266235352,3120.67138671875,277.78884887695307,258.24978637695307,7.4878177642822275,1.0122146606445312,1524.357421875,282.8204040527344,276.31228637695307,2.7680740356445312,5.921436309814452,287.9116516113281,282.25535583496094,2.386920928955078,7.6118202209472665,291.48712158203125,287.5118103027344,-2.0992088317871094,6.578206062316895,0.0,0.011598587036132812,0.009487152099609377,101761.0,149.1668434143066,0.0,0.0,0.0,0.0,0.0,0.0,0.0,0.0,0.0,0.0,0.0,0.0,0.0,0.0,-2.202718734741211,3.993755340576172,101730.0,2.9952545166015625,291.08580017089844,0.0,20.6,0.0,0.0,0.0,0.0,290.9860076904297,289.5542755126953,0.01178,289.9555206298828,93.7,-0.9916830062866212,1.5432987213134766,1.815078692510724,-0.9916830062866212,1.5432987213134766,-50.0,0.0,0.0,0.0,0.0,0.0,0.0,0.0,0.0,0.0,0.0,0.0,0.3058,0.14,3.0,9.0,-10.0,8.0,-1.6,300.0,-148.0,21.552921652793888,13.625,0.0,0.0,13.625,--,--,--,--,--,272.40000000000003,217.5,327.2000000000001,26.75,378.7342529296875,560.0,71.3,81.0,161.0,63.90000000000001,0.2546501159667969,-2.398357391357422,3.024724006652832,4.857671737670898,15.092884063720705,-8.620960235595701,3743.12,39.0,64900.0,3740.0,39.0,64800.0,5030.0,6280.0,-0.9,140.0
14,0,2019,3,30,-10.0,-999.0,0.0,15200.0,-10.0,-10.0,-10.0,7.6754762046039104,30.95566749572754,-16.415054321289062,23.1025447845459,-9.609580993652344,5764.509765625,257.59219360351557,247.87478637695312,12.850918769836426,-2.929046630859375,3125.845703125,277.97674560546875,259.81228637695307,6.311511993408202,0.8375625610351562,1529.674560546875,282.58465576171875,279.8278350830078,1.7017688751220703,5.169731140136719,287.74639892578125,285.3147430419922,1.7494478225708008,7.552976608276367,291.6763610839844,288.9312286376953,-2.564574241638184,6.1470375061035165,0.0,-0.020084381103515625,-0.017290592193603516,101814.0,153.65526199340817,0.0,0.0,0.0,0.0,0.0,0.0,0.0,0.0,0.0,0.0,0.0,0.0,0.0,0.0,-2.64202880859375,3.723548889160156,101790.0,2.9952545166015625,295.44822692871094,0.0,20.3,0.0,0.0,0.0,0.0,293.10272216796875,291.6438293457031,0.011710000000000002,289.8760528564453,84.4,-2.297818183898926,2.703588485717773,3.5005736873717983,-2.297818183898926,2.703588485717773,-50.0,0.0,0.0,0.0,0.0,0.0,0.0,0.0,0.0,0.0,0.0,0.0,0.3058,0.27,92.0,70.0,-60.0,8.0,-2.2,460.0,-102.0,24.681408882141113,0.0,0.0,0.0,0.0,--,--,--,--,--,277.7,438.6,340.2000000000001,54.0,401.9034271240234,697.0,112.8,113.2,142.6,63.3,-0.4241809844970703,-2.90814208984375,3.842565536499024,3.7625713348388654,15.416742324829102,-8.643177032470701,3810.8,33.0,64400.0,3810.0,33.0,64300.0,5060.0,6380.0,-2.3000000000000003,490.0
15,0,2019,3,30,-10.0,-999.0,0.0,18200.0,-10.0,-10.0,-10.0,8.047603186219929,30.57902717590332,-13.187183380126953,19.64078521728516,-9.635421752929688,5765.4501953125,257.5140991210937,246.99978637695312,12.20115852355957,-2.100250244140625,3128.3212890625,277.85923767089844,259.43728637695307,7.121150016784668,2.1114463806152344,1533.864501953125,282.4169006347656,279.93246459960943,2.7415075302124023,5.453239440917969,287.90440368652344,284.8727569580078,3.1926860809326167,8.112571716308594,292.41998291015625,287.9029235839844,-1.715545654296875,6.951188087463379,0.0,-0.0003147125244140625,0.026419639587402344,101857.0,157.61101150512698,0.0,0.0,0.0,0.0,0.0,0.0,0.0,0.0,0.0,0.0,0.0,0.0,0.0,0.0,-2.409393310546875,4.690753936767578,101830.0,2.9952545166015625,298.25006103515625,0.0,18.1,0.0,0.0,0.0,0.0,294.6979522705078,293.1556091308594,0.01177,289.95091247558594,78.2,-2.265361785888672,3.373798370361328,4.063899193541147,-2.265361785888672,3.373798370361328,-50.0,0.0,0.0,0.0,0.0,0.0,0.0,0.0,0.0,0.0,0.0,0.0,0.3058,0.31,154.0,96.0,-90.0,8.0,-3.1,740.0,-30.0,24.40636146068573,3.125,0.0,0.0,3.125,--,--,--,--,--,279.8,644.9000000000002,342.5,79.5,417.34608459472656,807.0,125.1,133.70000000000002,140.0,76.9,0.03763484954833984,-2.2286911010742188,5.479963302612305,3.40554428100586,14.238910675048828,-8.435077667236326,3803.2,34.0,64500.0,3800.0,34.0,64400.0,5020.0,6410.0,-1.8,350.0
16,0,2019,3,30,-10.0,-999.0,0.0,20500.0,-10.0,-10.0,-10.0,7.64737057685852,32.899581909179695,-12.450069427490234,19.41217422485352,-11.2137451171875,5768.76171875,257.99334716796875,243.68728637695312,11.771890640258787,-1.984111785888672,3131.33349609375,277.727294921875,259.31228637695307,7.099289894104004,2.3082199096679688,1536.892822265625,282.4930114746094,280.09634399414057,2.672571182250977,4.455402374267578,287.7687072753906,283.96629333496094,3.5806674957275386,6.7214717864990225,292.8800048828125,287.72044372558594,-1.571918487548828,7.572628974914551,0.0,-0.0125732421875,-0.021955132484436042,101885.0,160.0724143981934,0.0,0.0,0.0,0.0,0.0,0.0,0.0,0.0,0.0,0.0,0.0,0.0,0.0,0.0,-2.6861820220947266,6.031951904296875,101860.0,2.9952545166015625,301.13697814941406,0.0,14.4,0.0,0.0,0.0,0.0,295.9687194824219,294.44744873046875,0.01162,289.7569885253906,72.8,-2.5997133255004883,4.456260681152344,5.1890137798618525,-2.5997133255004883,4.456260681152344,-50.0,0.0,0.0,0.0,0.0,0.0,0.0,0.0,0.0,0.0,0.0,0.0,0.3058,0.39,260.0,149.0,-70.0,8.0,-3.0,820.0,-15.0,24.34878766536713,0.25,0.0,0.0,0.25,--,--,--,--,--,284.4000000000001,805.0,344.3,99.25,433.6092529296875,863.0,133.20000000000002,148.3,131.0,80.60000000000002,-0.23761558532714844,-2.138416290283203,6.583478927612305,1.0888519287109375,13.723073959350586,-8.982112884521484,3784.56,39.0,64700.0,3780.0,39.0,64500.0,5030.0,6480.0,-1.5,370.0
17,0,2019,3,30,-10.0,-999.0,0.0,20600.0,-10.0,-10.0,-10.0,7.906141012907027,33.96278190612793,-14.638504028320312,18.640987396240234,-10.817157745361328,5767.00146484375,258.45309448242193,236.74978637695312,12.348302841186525,-0.5992202758789062,3128.50244140625,277.61851501464844,258.31228637695307,7.576095581054687,3.500171661376953,1535.76611328125,282.5221405029297,279.74978637695307,3.1667518615722656,4.679443359375,287.67100524902344,284.0622863769531,3.1583824157714844,6.3781280517578125,292.9813232421875,287.8122863769531,-1.9727706909179688,7.70493221282959,0.0,0.018123388290405273,0.02390420436859131,101873.0,158.98967933654785,0.0,0.0,0.0,0.0,0.0,0.0,0.0,0.0,0.0,0.0,0.0,0.0,0.0,0.0,-3.3483810424804688,6.60692024230957,101840.0,2.9952545166015625,302.35455322265625,0.0,11.2,0.0,0.0,0.0,0.0,296.3280944824219,294.8224182128906,0.01168,289.8347473144531,72.4,-3.198563575744629,4.889986038208008,5.817738492507488,-3.198563575744629,4.889986038208008,-50.0,0.0,0.0,0.0,0.0,0.0,0.0,0.0,0.0,0.0,0.0,0.0,0.3058,0.44,330.0,168.0,-50.0,8.0,-2.7,850.0,-7.0,24.047027707099915,17.5,0.0,0.0,17.5,--,--,--,--,--,287.8,906.0,344.6,111.625,440.7964782714844,887.0,140.5,156.9,127.0,84.80000000000003,0.4648752212524414,-1.926605224609375,7.289166450500487,0.8699264526367188,15.02310562133789,-7.8632164001464835,3794.16,39.0,64600.0,3790.0,39.0,64400.0,5050.0,6510.0,-1.3,390.0
18,0,2019,3,30,-10.0,-999.0,0.0,19600.0,-10.0,-10.0,-10.0,8.60500767081976,32.589893341064446,-14.77118682861328,19.25652503967285,-10.40131378173828,5764.23095703125,258.947509765625,233.49978637695312,13.498098373413086,0.4943923950195313,3124.347900390625,277.6368408203125,262.18728637695307,8.529196739196777,4.9374427795410165,1531.255859375,282.5899658203125,280.49978637695307,3.7273025512695312,5.5031089782714835,287.59869384765625,284.8747863769531,2.7423858642578125,6.669015884399414,293.1470947265625,288.1872863769531,-2.3291187286376958,7.9406185150146475,0.0,-0.028263568878173825,-0.02885472774505615,101811.0,153.80941772460938,0.0,0.0,0.0,0.0,0.0,0.0,0.0,0.0,0.0,0.0,0.0,0.0,0.0,0.0,-3.772602081298828,7.210126876831055,101780.0,2.9952545166015625,302.72296142578125,0.0,9.0,0.0,0.0,0.0,0.0,296.4246520996094,294.93109130859375,0.01193,290.15576171875,73.9,-3.3339052200317383,5.12855339050293,6.067549697589129,-3.3339052200317383,5.12855339050293,-50.0,0.0,0.0,0.0,0.0,0.0,0.0,0.0,0.0,0.0,0.0,0.0,0.3058,0.46,350.0,168.0,-20.0,8.0,-2.6,930.0,-4.0,26.533504962921143,18.375,0.0,0.0,18.375,--,--,--,--,--,286.2,933.0,347.70000000000016,114.875,442.90081787109375,882.0,147.9,158.8,125.0,87.4,1.2020721435546875,-1.3865623474121094,7.249839782714844,0.955425262451172,16.657852172851562,-7.314479827880857,3794.88,50.0,64500.0,3790.0,50.0,64400.0,5050.0,6540.0,-1.1,430.0
19,0,2019,3,30,-10.0,-999.0,0.0,19100.0,-10.0,-10.0,-10.0,9.208662144839764,33.151660919189446,-14.964916229248047,18.83608627319336,-10.519775390625,5762.31787109375,259.19619750976557,228.12478637695312,14.25918197631836,1.6628646850585938,3120.246337890625,277.79763793945307,266.37478637695307,10.25847625732422,4.586606979370117,1524.945556640625,282.8306579589844,281.8122863769531,5.258708953857422,5.3016090393066415,287.9655456542969,285.7836608886719,2.9062099456787114,6.3795433044433585,293.25543212890625,288.35838317871094,-2.662925720214844,8.220440864562987,0.0,-0.02762365341186524,0.021513104438781745,101717.0,145.93089294433594,0.0,0.0,0.0,0.0,0.0,0.0,0.0,0.0,0.0,0.0,0.0,0.0,0.0,0.0,-4.072429656982422,7.642417907714844,101690.0,2.9952545166015625,302.4679260253906,0.0,7.6,0.0,0.0,0.0,0.0,296.29595947265625,294.931640625,0.012,290.24375915527344,74.8,-3.498760223388672,5.323747634887695,6.37637711269781,-3.498760223388672,5.323747634887695,-50.0,0.0,0.0,0.0,0.0,0.0,0.0,0.0,0.0,0.0,0.0,0.0,0.3058,0.48,350.0,160.0,0.0,8.0,-2.5,850.0,-9.0,28.83733594417572,14.0,0.0,0.0,14.0,--,--,--,--,--,285.3,888.0,351.3,109.375,441.32325744628906,854.0,154.9,154.70000000000005,141.0,97.0,2.3291950225830083,-1.499284744262695,7.790424346923827,0.22409439086914065,17.666913986206055,-6.5338096618652335,3847.28,55.0,64100.0,3850.0,55.0,63900.0,5050.0,6550.0,-1.0,380.0
20,0,2019,3,30,-10.0,-999.0,0.0,20300.0,-10.0,-10.0,-10.0,9.765875726938248,38.63419151306152,-17.238906860351562,20.315401077270508,-9.81305694580078,5763.984375,260.06198120117193,225.06228637695312,15.833582878112793,1.2016983032226562,3116.96435546875,278.4378204345703,264.43728637695307,9.423429489135742,4.456512451171875,1520.01611328125,283.4092712402344,279.93728637695307,6.761363983154298,4.978548049926758,287.95281982421875,285.52386474609375,2.812702178955078,7.3286285400390625,293.2900390625,288.1797332763672,-2.521709442138672,8.9095458984375,0.0,-0.026376724243164062,0.00211334228515625,101654.0,140.68777084350586,0.0,0.0,0.0,0.0,0.0,0.0,0.0,0.0,0.0,0.0,0.0,0.0,0.0,0.0,-3.6266803741455083,8.317068099975586,101630.0,2.9952545166015625,301.680419921875,0.0,6.6000000000000005,0.0,0.0,0.0,0.0,296.3905944824219,295.0491943359375,0.01177,289.9205017089844,72.4,-2.8709545135498047,5.592822074890137,6.255234880372883,-2.8709545135498047,5.592822074890137,-50.0,0.0,0.0,0.0,0.0,0.0,0.0,0.0,0.0,0.0,0.0,0.0,0.3058,0.46,300.0,140.0,10.0,8.0,-1.4,620.0,-32.0,26.38685980439186,14.0,0.0,0.0,14.0,--,--,--,--,--,287.5,786.0,348.5,96.875,436.7010498046875,846.0,134.4,143.5,140.0,98.0,2.5305233001708984,-1.2120990753173828,7.172569274902344,0.7823448181152344,19.045921325683594,-7.744308471679687,3898.0,41.0,63700.0,3900.0,41.0,63500.0,5180.0,6590.0,0.1,210.0
21,0,2019,3,30,-10.0,-999.0,0.0,20900.0,-10.0,-10.0,-10.0,8.867396377027035,39.82366180419922,-16.592384338378903,21.71807861328125,-8.650863647460938,5761.482421875,260.6303100585937,230.12478637695312,17.974974632263184,-1.895366668701172,3111.0400390625,278.3895721435547,261.93728637695307,8.637567520141603,4.1365966796875,1514.0594482421875,283.8682861328125,278.43728637695307,7.993871688842771,3.3370075225830083,287.76177978515625,285.307373046875,3.142073631286621,6.7896575927734375,293.27752685546875,287.98699951171875,-2.099578857421875,8.393722534179688,0.0,0.02785778045654297,0.0259617567062378,101588.0,135.22494316101074,0.0,0.0,0.0,0.0,0.0,0.0,0.0,0.0,0.0,0.0,0.0,0.0,0.0,0.0,-2.998844146728516,7.700033187866211,101560.0,2.9952545166015625,299.793701171875,0.0,6.0,0.0,0.0,0.0,0.0,295.9658203125,294.7205505371094,0.0116,289.6837921142578,71.60000000000002,-2.464034080505371,5.106545448303223,5.692722694482652,-2.464034080505371,5.106545448303223,-50.0,0.0,0.0,0.0,0.0,0.0,0.0,0.0,0.0,0.0,0.0,0.0,0.3058,0.42,200.0,130.0,40.0,8.0,-0.6000000000000001,460.0,-40.0,24.58732506632805,25.125,0.0,0.0,25.125,--,--,--,--,--,285.3,623.0,345.20000000000016,76.75,426.1524963378906,795.0,120.7,126.5,131.0,94.0,2.4371471405029297,-1.9505157470703125,7.261009216308594,0.7184219360351562,20.56209373474121,-10.628944396972656,3898.32,34.0,63600.0,3900.0,34.0,63500.0,5360.0,6600.0,0.9,120.0
22,0,2019,3,30,-10.0,-999.0,0.0,19400.0,-10.0,-10.0,-10.0,8.074549451470375,41.61450004577637,-14.202232360839846,23.31487274169922,-5.6543922424316415,5760.89501953125,260.2164459228516,238.87478637695312,18.46018886566162,-2.7795639038085938,3110.38916015625,278.46273803710943,259.68728637695307,8.656721115112305,4.778953552246094,1512.2510986328125,283.98828125,280.62478637695307,7.6586246490478525,2.881641387939453,287.84295654296875,285.73265075683594,1.4880037307739258,7.105430603027344,292.967041015625,288.4478454589844,-2.0810670852661133,7.6497859954833975,0.0,-0.02191638946533203,-0.003459930419921875,101568.0,133.4510669708252,0.0,0.0,0.0,0.0,0.0,0.0,0.0,0.0,0.0,0.0,0.0,0.0,0.0,0.0,-2.669761657714844,6.944381713867188,101540.0,2.9952545166015625,298.0036315917969,0.0,5.7,0.0,0.0,0.0,0.0,295.18804931640625,293.8781433105469,0.0117,289.79638671875,74.8,-2.2407588958740234,4.477287292480469,5.008473807945848,-2.2407588958740234,4.477287292480469,-50.0,0.0,0.0,0.0,0.0,0.0,0.0,0.0,0.0,0.0,0.0,0.0,0.3058,0.37,130.0,88.0,70.0,8.0,-0.8,400.0,-54.0,26.00889778137207,0.0,0.0,0.0,0.0,--,--,--,--,--,280.6,411.8,346.8,50.75,415.8634185791016,672.0,107.8,102.7,106.0,72.0,2.396651268005371,-2.1747760772705083,5.686180114746094,1.7084503173828125,20.857839584350586,-11.057868957519533,3927.76,29.0,63400.0,3930.0,29.0,63200.0,5350.0,6580.0,0.30000000000000004,140.0
23,0,2019,3,30,-10.0,-999.0,0.0,19100.0,-10.0,-10.0,-10.0,7.184476684778929,42.57709693908691,-10.474445343017578,27.6716365814209,-3.5838584899902344,5762.11669921875,259.8764038085937,246.62478637695312,18.190571784973145,-3.59027099609375,3110.383544921875,278.3281707763672,259.99978637695307,8.536713600158691,4.807769775390625,1512.98583984375,284.1184844970703,280.18728637695307,7.023000717163086,3.146167755126953,288.3056640625,284.5562438964844,1.756488800048828,6.883319854736327,293.2147216796875,288.3523712158203,-1.3541946411132812,6.814525604248048,0.0,-0.026960372924804688,0.0018569231033325195,101564.0,133.16412925720215,0.0,0.0,0.0,0.0,0.0,0.0,0.0,0.0,0.0,0.0,0.0,0.0,0.0,0.0,-1.5587196350097656,5.947309494018555,101540.0,2.9952545166015625,295.9371032714844,0.0,5.7,0.0,0.0,0.0,0.0,294.5557861328125,293.2671203613281,0.011729999999999999,289.8705596923828,76.3,-1.2584514617919922,3.636696815490721,3.877686209976673,-1.2584514617919922,3.636696815490721,-50.0,0.0,0.0,0.0,0.0,0.0,0.0,0.0,0.0,0.0,0.0,0.0,0.3058,0.29,50.0,49.0,70.0,8.0,-1.0,330.0,-65.0,26.064379930496216,12.25,0.0,0.0,12.25,--,--,--,--,--,274.8,184.9,344.8,22.75,404.3549346923828,451.0,74.7,67.4,99.0,59.0,2.6924819946289062,-2.6058330535888667,4.60987663269043,2.5480308532714844,19.295446395874023,-10.520404815673828,3954.56,28.0,63200.0,3950.0,28.0,63000.0,5350.0,6570.0,0.0,120.0
