Hour,Minute,Year,Month,Date,ATT1,ATT2,ATT3,ATT4,ATT5,ATT6,ATT7,ATT8,ATT9,ATT10,ATT11,ATT12,ATT13,ATT14,ATT15,ATT16,ATT17,ATT18,ATT19,ATT20,ATT21,ATT22,ATT23,ATT24,ATT25,ATT26,ATT27,ATT28,ATT29,ATT30,ATT31,ATT32,ATT33,ATT34,ATT35,ATT36,ATT37,ATT38,ATT39,ATT40,ATT41,ATT42,ATT43,ATT44,ATT45,ATT46,ATT47,ATT48,ATT49,ATT50,ATT51,ATT52,ATT53,ATT54,ATT55,ATT56,ATT57,ATT58,ATT59,ATT60,ATT61,ATT62,ATT63,ATT64,ATT65,ATT66,ATT67,ATT68,ATT69,ATT70,ATT71,ATT72,ATT73,ATT74,ATT75,ATT76,ATT77,ATT78,ATT79,ATT80,ATT81,ATT82,ATT83,ATT84,ATT85,ATT86,ATT87,ATT88,ATT89,ATT90,ATT91,ATT92,ATT93,ATT94,ATT95,ATT96,ATT97,ATT98,ATT99,ATT100,ATT101,ATT102,ATT103,ATT104,ATT105,ATT106,ATT107,ATT108,ATT109,ATT110,ATT111,ATT112,ATT113,ATT114,ATT115,ATT116,ATT117,ATT118,ATT119,ATT120,ATT121,ATT122,ATT123,ATT124,ATT125,ATT126,ATT127,ATT128,ATT129,ATT130,ATT131,ATT132
0,0,2020,10,21,-10.0,-999.0,0.0,27200.0,-10.0,-10.0,-10.0,0.6056344397366047,9.159879684448242,11.016647338867188,8.56398868560791,13.299949645996096,5856.974609375,261.95376586914057,237.68728637695312,9.631404876708984,11.522735595703125,3193.5439453125,278.7577362060547,268.93728637695307,1.894277572631836,5.75428581237793,1579.194091796875,288.12396240234375,281.4997863769531,-2.113739013671875,6.411827087402344,293.1424865722656,285.76641845703125,-0.7057342529296875,1.175455093383789,297.14739990234375,289.7974853515625,0.0946636199951172,0.9090328216552734,0.0,-0.03666305541992188,-0.00333404541015625,102072.0,178.78869199752808,0.0,0.0,0.0,0.0,0.0,0.0,0.0,0.0,0.0,0.0,0.0,0.0,0.0,0.0,-0.22146224975585926,0.6867599487304688,95320.0,595.5577545166017,291.197509765625,0.0,18.8,0.0,0.0,0.0,0.0,292.33477783203125,296.3763427734375,0.0107,287.4512481689453,63.2,0.10174083709716797,0.5424957275390625,0.5666286507621408,0.10174083709716797,0.5424957275390625,-50.0,0.0,0.0,0.0,0.0,0.0,0.0,0.0,0.0,0.0,0.0,0.0,0.8,0.02,-2.0,0.0,50.0,4.0,-0.7000000000000001,140.0,-72.0,23.040746927261356,0.0,0.0,0.0,0.0,--,--,--,--,--,276.5,0.0,341.0,0.0,379.08978271484375,0.0,0.0,0.0,82.0,45.7,7.508251190185548,0.09403800964355467,-1.9937896728515625,6.039756774902344,9.995502471923828,10.90875244140625,4104.8,29.0,62600.0,4100.0,29.0,62500.0,5660.0,7150.0,-0.7000000000000001,120.0
1,0,2020,10,21,-10.0,-999.0,0.0,27300.0,-10.0,-10.0,-10.0,0.7920458763837814,9.01989459991455,9.813716888427734,9.92225170135498,11.880107879638672,5859.9541015625,262.02703857421875,238.06228637695312,11.372493743896484,11.793493270874025,3194.023681640625,279.1738128662109,266.93728637695307,2.629384994506836,6.479513168334961,1579.078125,288.2412109375,281.0006561279297,-2.344615936279297,7.246877670288086,293.17437744140625,285.72108459472656,-1.1510848999023438,1.7726802825927734,296.53363037109375,289.51739501953125,0.14446258544921875,1.1926937103271484,0.0,-0.0378265380859375,-0.04639768600463867,102064.0,178.35518932342532,0.0,0.0,0.0,0.0,0.0,0.0,0.0,0.0,0.0,0.0,0.0,0.0,0.0,0.0,-0.2676105499267578,0.9062328338623048,95320.0,595.5577545166017,289.70567321777344,0.0,20.200000000000006,0.0,0.0,0.0,0.0,291.1683044433594,295.23529052734375,0.010350000000000002,286.9447021484375,62.90000000000001,0.05527877807617188,0.6762781143188477,0.6883186081540771,0.05527877807617188,0.6762781143188477,-50.0,0.0,0.0,0.0,0.0,0.0,0.0,0.0,0.0,0.0,0.0,0.0,0.8,0.02,-3.0,0.0,30.0,4.0,0.1,20.0,-135.0,21.70530939102173,0.0,0.0,0.0,0.0,--,--,--,--,--,275.7,0.0,337.3,0.0,371.4164276123047,0.0,0.0,0.0,99.0,56.5,7.508066177368164,0.1461658477783203,-2.223550796508789,6.898094177246094,11.580406188964846,11.004043579101562,4137.92,25.0,62400.0,4140.0,25.0,62300.0,5690.0,7130.0,-0.30000000000000004,40.0
2,0,2020,10,21,-10.0,-999.0,0.0,25900.0,-10.0,-10.0,-10.0,1.8486643247306347,9.403867721557617,9.272106170654297,9.897712707519533,11.472152709960938,5866.8369140625,262.1143951416016,238.31228637695312,11.587889671325685,10.29802703857422,3196.1142578125,280.06057739257807,264.37478637695307,3.5739898681640625,7.069099426269531,1578.613525390625,288.23260498046875,281.24978637695307,-2.8715610504150386,6.436513900756836,293.12872314453125,285.1872863769531,-1.7530269622802734,2.0490455627441406,295.6431884765625,288.9997863769531,-0.05613422393798828,1.3123817443847656,0.0,-0.07470321655273438,-0.04754400253295898,102051.0,177.77895832061768,0.0,0.0,0.0,0.0,0.0,0.0,0.0,0.0,0.0,0.0,0.0,0.0,0.0,0.0,-0.3968315124511719,1.4727916717529297,95310.0,595.5577545166017,288.7222137451172,0.0,21.70000000000001,0.0,0.0,0.0,0.0,290.3486328125,294.426025390625,0.01008,286.5622863769531,65.0,-0.05196380615234375,1.892436981201172,1.8777883334551009,-0.05196380615234375,1.892436981201172,-50.0,0.0,0.0,0.0,0.0,0.0,0.0,0.0,0.0,0.0,0.0,0.0,0.8,0.05,-7.0,1.0,30.0,4.0,1.1,0.0,0.0,20.54067039489746,0.0,0.0,0.0,0.0,--,--,--,--,--,275.90000000000003,0.0,333.1,0.0,366.3038787841797,0.0,0.0,0.0,104.0,38.2,7.165596008300781,-0.3469715118408203,-2.8618946075439453,4.856151580810547,11.502262115478516,9.381519317626953,4235.36,19.0,61700.0,4240.0,19.0,61600.0,5710.0,7120.0,0.4,0.0
3,0,2020,10,21,-10.0,-999.0,0.0,25100.0,-10.0,-10.0,-10.0,3.098095163702965,10.524619102478027,9.520633697509766,10.312374114990234,11.35483169555664,5867.93701171875,262.167495727539,239.62478637695312,12.073915481567385,9.106544494628906,3195.35302734375,280.3139190673828,263.31228637695307,4.125597000122069,7.140850067138673,1577.111328125,288.12554931640625,281.24978637695307,-3.9861793518066406,5.476055145263672,292.792724609375,285.7497863769531,-4.885980606079102,2.3899383544921875,295.1002197265625,289.0622863769531,-1.0187034606933594,1.0802497863769531,0.0,-0.07662200927734375,-0.05592203140258789,102041.0,177.15515899658203,0.0,0.0,0.0,0.0,0.0,0.0,0.0,0.0,0.0,0.0,0.0,0.0,0.0,0.0,-2.358871459960937,2.6048908233642583,95310.0,595.5577545166017,287.9498291015625,0.0,23.3,0.0,0.0,0.0,0.0,289.6712341308594,293.6961975097656,0.00979,286.1247863769531,66.2,-1.8658266067504885,2.019155502319336,2.751436924445444,-1.8658266067504885,2.019155502319336,-50.0,0.0,0.0,0.0,0.0,0.0,0.0,0.0,0.0,0.0,0.0,0.0,0.8,0.07,-11.0,1.0,30.0,4.0,2.1,0.0,0.0,20.233794569969174,0.0,0.0,0.0,0.0,--,--,--,--,--,275.6,0.0,330.8,0.0,362.4776611328125,0.0,0.0,0.0,122.0,25.4,5.093912124633789,-1.2454700469970703,-2.349040985107422,3.6750411987304688,14.514503479003904,7.8935546875,4267.36,17.0,61400.0,4270.0,17.0,61300.0,5730.0,7100.0,0.4,0.0
4,0,2020,10,21,-10.0,-999.0,0.0,21300.0,-10.0,-10.0,-10.0,6.503009431064129,12.069589614868164,7.606155395507812,10.683748245239258,9.297626495361328,5867.19189453125,262.4801025390625,240.56228637695312,11.509364128112793,9.133522033691406,3190.384765625,280.681640625,260.18728637695307,4.189058303833009,7.380643844604492,1570.695068359375,288.290283203125,279.68728637695307,-5.203607559204102,6.26123046875,292.2716064453125,284.8595886230469,-5.2698707580566415,7.096958160400393,294.1628112792969,288.979248046875,-0.5387163162231445,1.4139328002929688,0.0,-0.07758331298828125,-0.013792991638183594,101978.0,171.9658203125,0.0,0.0,0.0,0.0,0.0,0.0,0.0,0.0,0.0,0.0,0.0,0.0,0.0,0.0,-3.8532886505126953,6.988250732421875,95250.0,595.5577545166017,288.47166442871094,0.0,24.8,0.0,0.0,0.0,0.0,289.9077453613281,293.951416015625,0.00989,286.2689208984375,72.60000000000002,-1.2123985290527344,2.735025405883789,3.00474439188838,-1.2123985290527344,2.735025405883789,-50.0,0.0,0.0,0.0,0.0,0.0,0.0,0.0,0.0,0.0,0.0,0.0,0.8,0.14,-23.0,4.0,30.0,4.0,3.0,0.0,0.0,18.179938912391666,0.0,0.0,0.0,0.0,--,--,--,--,--,276.0,0.0,322.1,0.0,365.2115631103516,0.0,0.0,0.0,82.0,-14.2,2.649642944335937,-0.2776947021484375,-3.906604766845703,3.7673549652099614,14.998056411743164,3.549327850341797,4331.84,12.0,60900.0,4330.0,12.0,60800.0,5770.0,7080.0,1.7000000000000002,0.0
5,0,2020,10,21,-10.0,-999.0,0.0,24900.0,-10.0,-10.0,-10.0,8.079950479790567,13.552337646484375,5.0583038330078125,11.932624816894533,7.609596252441406,5867.63671875,262.5238037109375,240.37478637695312,10.390865325927734,8.868537902832031,3189.27197265625,280.6587371826172,259.24978637695307,3.6760272979736333,7.0837764739990225,1569.6195068359375,288.7928771972656,275.49978637695307,-6.367931365966798,7.76152229309082,292.5037841796875,281.6872863769531,-5.423425674438477,10.497232437133787,293.69146728515625,287.2497863769531,-0.3933906555175781,1.514974594116211,0.0,-0.11630916595458984,-0.00821828842163086,101970.0,171.26956176757812,0.0,0.0,0.0,0.0,0.0,0.0,0.0,0.0,0.0,0.0,0.0,0.0,0.0,0.0,-3.41079330444336,9.496667861938477,95240.0,595.5577545166017,288.2392272949219,0.0,25.70000000000001,0.0,0.0,0.0,0.0,289.92449951171875,294.00250244140625,0.00885,284.544677734375,66.4,-0.9950723648071288,3.6168918609619136,3.750813974882477,-0.9950723648071288,3.6168918609619136,-50.0,0.0,0.0,0.0,0.0,0.0,0.0,0.0,0.0,0.0,0.0,0.0,0.8,0.24,-48.0,13.0,40.0,4.0,4.9,0.0,0.0,14.769632816314695,0.0,0.0,0.0,0.0,--,--,--,--,--,275.2,0.0,310.8,0.0,363.9600982666016,0.0,0.0,0.0,22.0,-49.90000000000001,0.3277816772460937,0.5041885375976562,-5.357505798339844,4.705368041992188,14.430305480957033,0.3037948608398437,4359.84,11.0,60700.0,4360.0,11.0,60600.0,5790.0,7040.0,4.1000000000000005,0.0
6,0,2020,10,21,-10.0,-999.0,0.0,28800.0,-10.0,-10.0,-10.0,8.05187276378274,10.44598388671875,4.424041748046875,9.825268745422363,6.757255554199219,5865.9501953125,262.39462280273443,240.81228637695312,8.738833427429201,9.275482177734377,3188.943115234375,280.02040100097656,259.962631225586,3.9796085357666016,6.494487762451173,1571.432373046875,289.03765869140625,270.93728637695307,-4.323631286621094,8.837020874023438,292.273193359375,279.96173095703125,-3.5105686187744136,11.532012939453125,293.36700439453125,285.7594451904297,0.054823875427246094,1.7393474578857422,0.0,-0.10025596618652344,-0.05124568939208984,102011.0,174.4550437927246,0.0,0.0,0.0,0.0,0.0,0.0,0.0,0.0,0.0,0.0,0.0,0.0,0.0,0.0,-2.2498703002929688,9.76766586303711,95260.0,595.5577545166017,287.7574157714844,0.0,26.4,0.0,0.0,0.0,0.0,289.63417053222656,293.7530822753906,0.00799,283.0613708496094,60.5,-0.5130443572998047,4.0396766662597665,4.065762723563239,-0.5130443572998047,4.0396766662597665,-50.0,0.0,0.0,0.0,0.0,0.0,0.0,0.0,0.0,0.0,0.0,0.0,0.8,0.27,-58.0,18.0,30.0,4.0,6.3000000000000025,0.0,0.0,13.048843145370483,0.0,0.0,0.0,0.0,--,--,--,--,--,272.7,0.0,304.1,0.0,361.6162567138672,0.0,0.0,0.0,7.0,-31.0,0.6647758483886719,0.8961315155029297,-3.9060878753662114,5.289115905761719,11.660919189453125,-0.23552703857421875,4361.440000000001,12.0,60700.0,4360.0,12.0,60600.0,5770.0,7020.0,5.300000000000002,0.0
7,0,2020,10,21,-10.0,-999.0,0.0,31900.0,-10.0,-10.0,-10.0,8.480104967951776,10.017342567443848,3.298065185546875,9.411367416381836,6.3591041564941415,5863.6650390625,262.2765655517578,240.68728637695312,7.466245651245117,9.05202865600586,3189.3642578125,279.24185180664057,260.8149261474609,4.180989265441895,5.294073104858398,1573.996826171875,288.9695739746094,270.18728637695307,0.6034088134765625,8.878318786621094,292.00946044921875,279.50857543945307,0.2884101867675781,11.955595016479492,293.0545654296875,284.7452392578125,0.3733692169189453,1.972637176513672,0.0,-0.1002197265625,-0.023746967315673828,102066.0,178.71590423583984,0.0,0.0,0.0,0.0,0.0,0.0,0.0,0.0,0.0,0.0,0.0,0.0,0.0,0.0,0.07081222534179688,10.240848541259766,95290.0,595.5577545166017,287.8642883300781,0.0,27.0,0.0,0.0,0.0,0.0,289.8868560791016,293.9032897949219,0.00748,282.0479431152344,56.5,0.4010934829711914,4.792722702026367,4.815007888013497,0.4010934829711914,4.792722702026367,-50.0,0.0,0.0,0.0,0.0,0.0,0.0,0.0,0.0,0.0,0.0,0.0,0.8,0.35000000000000003,-79.0,30.0,10.0,4.0,7.0,0.0,0.0,12.687885761260985,0.0,0.0,0.0,0.0,--,--,--,--,--,271.2,0.0,302.9000000000001,0.0,362.00379943847656,0.0,0.0,0.0,26.0,18.0,1.6790714263916016,0.8256034851074219,0.4688854217529297,4.0029258728027335,7.7193565368652335,-1.0272598266601562,4330.24,12.0,60900.0,4330.0,12.0,60800.0,5750.0,7010.0,5.9,0.0
8,0,2020,10,21,-10.0,-999.0,0.0,32600.0,-10.0,-10.0,-10.0,9.978321246802807,10.165594100952148,1.5570068359375,9.582880020141602,4.886768341064453,5862.8701171875,262.196304321289,240.93728637695312,7.6370296478271475,9.287643432617188,3187.71337890625,279.7535400390625,259.06228637695307,5.318838119506836,5.6075096130371085,1571.5208740234375,288.9000244140625,269.99978637695307,3.647964477539064,9.506943702697754,292.0350036621094,278.62478637695307,2.4929771423339844,13.388198852539062,292.93585205078125,284.1247863769531,-0.1117715835571289,2.2554168701171875,0.0,-0.1133880615234375,-0.03972768783569336,102039.0,176.59271621704102,0.0,0.0,0.0,0.0,0.0,0.0,0.0,0.0,0.0,0.0,0.0,0.0,0.0,0.0,0.7241477966308594,11.695980072021484,95270.0,595.5577545166017,287.65171813964844,0.0,27.3,0.0,0.0,0.0,0.0,289.74342346191406,293.8058776855469,0.007280000000000002,281.6872863769531,55.6,0.6677875518798828,5.2162132263183585,5.252365659922361,0.6677875518798828,5.2162132263183585,-50.0,0.0,0.0,0.0,0.0,0.0,0.0,0.0,0.0,0.0,0.0,0.0,0.8,0.4,-92.0,36.0,10.0,4.0,7.300000000000002,0.0,0.0,12.08719253540039,0.25,0.0,0.0,0.25,--,--,--,--,--,270.8,0.0,300.8,0.0,360.9258728027344,0.0,0.0,0.0,64.0,57.90000000000001,1.6351470947265625,1.873207092285156,3.154239654541016,4.188549041748047,6.564371109008789,-2.3145065307617188,4339.84,11.0,60800.0,4340.0,11.0,60700.0,5730.0,7020.0,6.3000000000000025,0.0
9,0,2020,10,21,-10.0,-999.0,0.0,30100.0,-10.0,-10.0,-10.0,10.524586446583273,8.554915428161621,1.7567977905273438,9.075602531433104,4.5100860595703125,5866.822265625,262.1962127685547,242.06228637695312,7.834613800048827,10.235870361328123,3190.70947265625,280.2453155517578,257.87478637695307,6.705558776855469,5.857212066650393,1572.8497314453125,289.05963134765625,271.06228637695307,6.0453147888183585,8.599250793457031,291.9158630371094,280.56228637695307,5.685953140258789,12.249732971191404,292.7652587890625,285.1247863769531,0.1569967269897461,1.9615459442138672,0.0,-0.12824344635009766,-0.036502599716186516,102048.0,177.59984588623047,0.0,0.0,0.0,0.0,0.0,0.0,0.0,0.0,0.0,0.0,0.0,0.0,0.0,0.0,2.1267070770263667,12.25046157836914,95290.0,595.5577545166017,287.54771423339844,0.0,27.1,0.0,0.0,0.0,0.0,289.51768493652344,293.57879638671875,0.00755,282.1872863769531,58.8,1.1394405364990234,5.450084686279297,5.562772857461823,1.1394405364990234,5.450084686279297,-50.0,0.0,0.0,0.0,0.0,0.0,0.0,0.0,0.0,0.0,0.0,0.0,0.8,0.44,-93.0,36.0,0.0,4.0,7.0,0.0,0.0,12.744398713111876,2.25,0.0,0.0,2.25,--,--,--,--,--,270.8,0.0,302.6,0.0,360.49147033691406,0.0,0.0,0.0,98.0,96.0,4.148817062377931,1.3862323760986328,4.90030574798584,3.731555938720703,4.404125213623047,-0.938335418701172,4346.08,12.0,60800.0,4350.0,12.0,60700.0,5730.0,7040.0,5.5,0.0
10,0,2020,10,21,-10.0,-999.0,0.0,29400.0,-10.0,-10.0,-10.0,9.482050318270922,8.085349082946777,3.8923568725585938,9.290975570678713,5.228492736816406,5872.013671875,261.929443359375,243.37478637695312,10.186590194702148,10.223094940185547,3196.798828125,280.24392700195307,255.18728637695312,7.562612533569336,6.069440841674805,1579.793212890625,288.6346435546875,277.18728637695307,8.433122634887695,3.897110939025879,292.35809326171875,282.3747863769531,8.137760162353517,9.38970184326172,293.0704345703125,285.9997863769531,0.8419809341430664,1.97561264038086,0.0,-0.08372688293457031,-0.04663276672363281,102113.0,183.16587829589844,0.0,0.0,0.0,0.0,0.0,0.0,0.0,0.0,0.0,0.0,0.0,0.0,0.0,0.0,3.565753936767578,10.539491653442383,95350.0,595.5577545166017,287.6463317871094,0.0,27.4,0.0,0.0,0.0,0.0,289.9376373291016,293.9413146972656,0.008,283.0622863769531,59.7,1.5248746871948242,5.03199577331543,5.250986360479146,1.5248746871948242,5.03199577331543,-50.0,0.0,0.0,0.0,0.0,0.0,0.0,0.0,0.0,0.0,0.0,0.0,0.8,0.39,-99.0,27.0,-1.0,4.0,5.6000000000000005,0.0,0.0,15.468398809432983,0.5,0.0,0.0,0.5,--,--,--,--,--,270.8,0.0,313.7000000000001,0.0,361.0635833740234,0.0,0.0,0.0,126.0,119.0,10.417520523071287,-0.06364250183105469,7.557527542114258,-1.0517253875732422,4.6061744689941415,1.7405128479003906,4351.2,13.0,60800.0,4350.0,13.0,60700.0,5700.0,6990.0,2.7,0.0
11,0,2020,10,21,-10.0,-999.0,0.0,21900.0,-10.0,-10.0,-10.0,8.30434363335371,7.966194152832031,5.335357666015625,9.156068801879883,5.976448059082031,5873.43017578125,261.74420166015625,243.56228637695312,10.023847579956056,11.02789306640625,3200.456787109375,280.0345916748047,254.62478637695312,7.396415710449219,6.561319351196289,1586.8753662109375,287.84478759765625,276.74978637695307,9.29647445678711,3.9827289581298833,291.56011962890625,285.6872863769531,9.981624603271484,5.824333190917969,292.56610107421875,288.3122863769531,0.8289785385131836,1.8742218017578125,0.0,-0.083282470703125,-0.04643726348876953,102223.0,192.62908554077148,0.0,0.0,0.0,0.0,0.0,0.0,0.0,0.0,0.0,0.0,0.0,0.0,0.0,0.0,5.897096633911133,7.8299312591552725,95460.0,595.5577545166017,287.8677215576172,0.0,28.1,0.0,0.0,0.0,0.0,289.56959533691406,293.45074462890625,0.00919,285.1872863769531,71.5,2.58491325378418,3.962488174438477,4.689515608828515,2.58491325378418,3.962488174438477,-50.0,0.0,0.0,0.0,0.0,0.0,0.0,0.0,0.0,0.0,0.0,0.0,0.8,0.35000000000000003,-67.0,15.0,-10.0,4.0,3.9,0.0,0.0,16.228562533855442,0.0,0.0,0.0,0.0,--,--,--,--,--,271.40000000000003,0.0,314.5,0.0,361.9285125732422,0.0,0.0,0.0,70.0,60.0,15.272178649902346,2.995416641235352,7.17303466796875,0.3043804168701172,2.574756622314453,5.059989929199219,4320.480000000001,13.0,61100.0,4320.0,13.0,61000.0,5670.0,6970.0,0.9,0.0
12,0,2020,10,21,-10.0,-999.0,0.0,17800.0,-10.0,-10.0,-10.0,8.104267690330744,8.060698509216309,5.898567199707031,9.55555820465088,6.980487823486327,5869.6474609375,260.9800567626953,243.18728637695312,9.064811706542967,11.885478973388672,3203.570068359375,279.84225463867193,253.99978637695312,7.245985984802246,5.903207778930664,1591.6826171875,287.2962951660156,275.37478637695307,10.26664924621582,3.62105941772461,291.0687561035156,284.6247863769531,10.398481369018556,4.349102020263672,292.05242919921875,288.9997863769531,0.843017578125,1.538288116455078,0.0,-0.04119682312011719,-0.027931690216064453,102311.0,200.00324630737305,0.0,0.0,0.0,0.0,0.0,0.0,0.0,0.0,0.0,0.0,0.0,0.0,0.0,0.0,6.68379020690918,6.7975120544433585,95540.0,595.5577545166017,287.4802703857422,0.0,29.6,0.0,0.0,0.0,0.0,288.73484802246094,292.5389099121094,0.00962,285.8747863769531,79.9,2.66719913482666,3.1678676605224614,4.126174785429612,2.66719913482666,3.1678676605224614,-50.0,0.0,0.0,0.0,0.0,0.0,0.0,0.0,0.0,0.0,0.0,0.0,0.8,0.3,-44.0,9.0,0.0,4.0,3.1,0.0,0.0,15.052832722663881,0.0,0.0,0.0,0.0,--,--,--,--,--,270.6,15.5,308.3,1.375,360.1853332519531,288.0,7.7,18.5,47.0,33.0,16.093994140625,4.821449279785156,8.085155487060549,0.7526988983154297,1.0770549774169922,7.163124084472656,4224.480000000001,13.0,61800.0,4220.0,13.0,61700.0,5560.0,6910.0,1.1,0.0
13,0,2020,10,21,-10.0,-999.0,0.0,19400.0,-10.0,-10.0,-10.0,6.790490746498108,8.598368644714355,5.39385986328125,10.595653533935547,6.3537139892578125,5874.10693359375,261.159896850586,243.06228637695312,8.072071075439451,10.768428802490234,3207.857421875,279.80532836914057,252.74978637695312,6.436637878417969,5.374797821044922,1596.189697265625,286.9621276855469,274.12478637695307,8.078800201416017,3.5756435394287114,290.8909912109375,282.8122863769531,8.487949371337889,4.418867111206055,291.7008972167969,287.8122863769531,0.3920345306396485,1.1917190551757812,0.0,-0.03740501403808594,-0.04886865615844727,102380.0,205.91762161254883,0.0,0.0,0.0,0.0,0.0,0.0,0.0,0.0,0.0,0.0,0.0,0.0,0.0,0.0,5.357664108276367,6.054355621337893,95600.0,595.5577545166017,289.687255859375,0.0,30.9,0.0,0.0,0.0,0.0,289.5169982910156,293.2947998046875,0.00927,285.3122863769531,76.4,2.14628505706787,2.7481346130371094,3.5014015372144063,2.14628505706787,2.7481346130371094,-50.0,0.0,0.0,0.0,0.0,0.0,0.0,0.0,0.0,0.0,0.0,0.0,0.8,0.3,6.0,43.0,-90.0,4.0,3.8,0.0,0.0,13.8021302819252,0.0,0.0,0.0,0.0,--,--,--,--,--,273.2,197.0,304.0,18.0,371.4017028808594,731.0,36.9,56.8,44.0,32.0,14.456270217895508,3.696861267089844,6.595016479492188,0.8892021179199219,1.720306396484375,6.318603515625,4216.64,12.0,61900.0,4220.0,12.0,61800.0,5580.0,6940.0,2.9000000000000004,0.0
14,0,2020,10,21,-10.0,-999.0,0.0,22100.0,-10.0,-10.0,-10.0,6.4819405823946,7.6126956939697275,6.82568359375,11.509344100952148,7.09271240234375,5875.5439453125,261.04168701171875,242.87478637695312,7.958915710449219,9.703010559082033,3209.77490234375,279.937255859375,253.93728637695312,6.150765419006348,4.701377868652344,1598.0029296875,286.79766845703125,274.56228637695307,5.591314315795898,3.744300842285156,290.6297607421875,281.5622863769531,5.716323852539063,3.429481506347656,292.78692626953125,287.3747863769531,0.430084228515625,1.3768253326416016,0.0,-0.06345176696777344,-0.015546560287475588,102403.0,208.04714965820312,0.0,0.0,0.0,0.0,0.0,0.0,0.0,0.0,0.0,0.0,0.0,0.0,0.0,0.0,3.6212444305419917,4.167417526245116,95630.0,595.5577545166017,292.88780212402344,0.0,30.0,0.0,0.0,0.0,0.0,291.0845184326172,294.8525085449219,0.0093,285.3747863769531,71.10000000000002,1.8777446746826167,2.314414978027344,2.942388904280961,1.8777446746826167,2.314414978027344,-50.0,0.0,0.0,0.0,0.0,0.0,0.0,0.0,0.0,0.0,0.0,0.0,0.8,0.3,74.0,101.0,-110.0,4.0,3.0,0.0,0.0,14.147376656532288,0.875,0.0,0.0,0.875,--,--,--,--,--,278.3,385.5,306.4000000000001,35.125,387.9051513671875,869.0,48.8,78.4,36.0,25.0,12.47858428955078,1.4006805419921875,4.196977615356444,1.5231666564941406,3.671688079833984,6.824851989746094,4216.64,12.0,61900.0,4220.0,12.0,61800.0,5560.0,6940.0,3.3000000000000003,0.0
15,0,2020,10,21,-10.0,-999.0,0.0,26100.0,-10.0,-10.0,-10.0,5.1438451893627635,9.027342796325684,7.004646301269531,11.582144737243652,7.719200134277344,5878.8701171875,261.30850219726557,242.87478637695312,8.092679023742676,9.776252746582033,3210.59228515625,280.0242156982422,252.87478637695312,6.250295639038086,4.296806335449219,1598.920654296875,286.51068115234375,277.06228637695307,4.181694030761719,4.832923889160156,290.4996337890625,282.8122863769531,3.3468894958496094,4.1665992736816415,294.87725830078125,288.0622863769531,0.2922935485839844,1.5715599060058594,0.0,-0.003875732421875,-0.004419088363647461,102401.0,207.84857559204102,0.0,0.0,0.0,0.0,0.0,0.0,0.0,0.0,0.0,0.0,0.0,0.0,0.0,0.0,2.1596031188964844,3.1888465881347656,95630.0,595.5577545166017,296.7859191894531,0.0,27.20000000000001,0.0,0.0,0.0,0.0,293.5074920654297,297.25616455078125,0.00977,286.1247863769531,64.2,1.3550233840942385,1.896045684814453,2.3763564544497062,1.3550233840942385,1.896045684814453,-50.0,0.0,0.0,0.0,0.0,0.0,0.0,0.0,0.0,0.0,0.0,0.0,0.8,0.27,144.0,180.0,-110.0,4.0,1.1,0.0,0.0,15.591054499149324,0.0,0.0,0.0,0.0,--,--,--,--,--,284.8,538.7,317.5,49.125,409.1102600097656,927.0,55.5,92.8,46.0,33.0,10.791061401367188,0.2922096252441406,2.9201717376708984,3.2154827117919917,5.572437286376953,6.644508361816406,4263.52,11.0,61600.0,4260.0,11.0,61400.0,5620.0,6950.0,2.1,0.0
16,0,2020,10,21,-10.0,-999.0,0.0,32500.0,-10.0,-10.0,-10.0,4.835446633398534,9.64858341217041,8.026985168457031,10.402630805969238,8.772911071777344,5881.45703125,261.4482421875,241.87478637695312,8.599079132080076,8.977668762207031,3211.0361328125,280.1552124023437,252.62478637695312,6.33659553527832,4.6635704040527335,1598.983642578125,286.39093017578125,278.49978637695307,4.2567386627197275,5.6883277893066415,290.9830017089844,283.6247863769531,2.0827598571777344,4.235319137573241,296.6854248046875,287.4372863769531,0.5296392440795898,1.703369140625,0.0,-0.026285171508789062,0.0007965564727783202,102375.0,205.69260787963867,0.0,0.0,0.0,0.0,0.0,0.0,0.0,0.0,0.0,0.0,0.0,0.0,0.0,0.0,1.6790428161621094,2.631046295166016,95620.0,595.5577545166017,300.1528778076172,0.0,22.6,0.0,0.0,0.0,0.0,295.0561065673828,298.87841796875,0.00938,285.50946044921875,55.2,1.1889314651489258,1.7256507873535156,2.062833496805979,1.1889314651489258,1.7256507873535156,-50.0,0.0,0.0,0.0,0.0,0.0,0.0,0.0,0.0,0.0,0.0,0.0,0.8,0.26,236.0,277.0,-100.0,4.0,0.7000000000000001,0.0,0.0,16.561209499835964,0.0,0.0,0.0,0.0,--,--,--,--,--,290.0,642.1,326.1,58.50235113757664,428.0658264160156,955.0,59.40000000000001,101.5,59.0,45.0,9.822933197021484,-0.4076423645019531,3.104333877563477,4.378263473510741,6.942180633544923,6.136272430419923,4304.96,11.0,61300.0,4300.0,11.0,61100.0,5640.0,6930.0,1.8,0.0
17,0,2020,10,21,-10.0,-999.0,0.0,35600.0,-10.0,-10.0,-10.0,4.896082147955895,10.181182861328123,8.889862060546875,10.68230438232422,9.51226806640625,5883.7978515625,261.600814819336,241.56195068359366,8.26373291015625,7.870994567871094,3210.516845703125,280.3326568603516,252.93728637695312,5.498760223388672,4.91642951965332,1597.654541015625,286.2958679199219,280.49978637695307,4.126605987548828,5.095293045043945,292.1458435058594,283.3747863769531,2.0941448211669917,3.5791835784912114,297.991943359375,287.3747863769531,1.214435577392578,1.6726417541503906,0.0,-0.023276329040527344,-0.017828941345214844,102321.0,201.21338653564453,0.0,0.0,0.0,0.0,0.0,0.0,0.0,0.0,0.0,0.0,0.0,0.0,0.0,0.0,2.222146987915039,2.484151840209961,95580.0,595.5577545166017,301.9761047363281,0.0,18.8,0.0,0.0,0.0,0.0,296.2823486328125,300.19232177734375,0.009370000000000002,285.4997863769531,51.6,1.7592344284057615,1.682657241821289,2.4402846246957783,1.7592344284057615,1.682657241821289,-50.0,0.0,0.0,0.0,0.0,0.0,0.0,0.0,0.0,0.0,0.0,0.0,0.8,0.3,274.0,305.0,-70.0,4.0,0.2,10.0,-263.0,17.447889685630802,0.0,0.0,0.0,0.0,--,--,--,--,--,292.9000000000001,686.1,332.5,62.50116872217041,438.4072265625,963.0,61.1,104.7,51.0,34.0,9.70968532562256,-0.8766670227050781,2.04780387878418,3.760101318359375,6.07961368560791,5.4539833068847665,4370.72,10.0,60800.0,4370.0,10.0,60600.0,5660.0,6950.0,1.3,0.0
18,0,2020,10,21,-10.0,-999.0,0.0,36700.0,-10.0,-10.0,-10.0,4.382607132196426,10.080558776855467,8.77593994140625,10.811938285827637,10.27326202392578,5882.4912109375,261.4994964599609,241.52679443359366,7.7143306732177725,7.373260498046875,3207.7861328125,280.69708251953125,252.24978637695312,4.69908332824707,5.962137222290039,1593.7467041015625,286.55450439453125,280.74978637695307,3.235607147216797,4.40138053894043,292.9410400390625,283.5198516845703,2.1903152465820312,3.1584625244140625,298.8182678222656,287.64610290527344,1.3304510116577148,1.444997787475586,0.0,-0.00830841064453125,-0.033850908279418945,102239.0,194.3611526489257,0.0,0.0,0.0,0.0,0.0,0.0,0.0,0.0,0.0,0.0,0.0,0.0,0.0,0.0,2.4406452178955083,2.285867691040039,95510.0,595.5577545166017,302.388671875,0.0,15.8,0.0,0.0,0.0,0.0,296.9408721923828,300.8800354003906,0.0095,285.659912109375,50.2,1.9064130783081048,1.447378158569336,2.3758391881128773,1.9064130783081048,1.447378158569336,-50.0,0.0,0.0,0.0,0.0,0.0,0.0,0.0,0.0,0.0,0.0,0.0,0.8,0.29,260.0,294.0,-40.0,4.0,-0.5,60.0,-204.0,17.331560611724857,0.0,0.0,0.0,0.0,--,--,--,--,--,294.6,668.6,335.1,60.88907041680068,441.11012268066406,957.0,61.0,102.5,53.0,23.0,9.559589385986328,-0.7545127868652344,1.0570716857910156,3.2066783905029297,5.274120330810547,5.2305908203125,4409.12,10.0,60500.0,4410.0,10.0,60300.0,5650.0,6960.0,0.6000000000000001,0.0
19,0,2020,10,21,-10.0,-999.0,0.0,37700.0,-10.0,-10.0,-10.0,3.678753271698952,9.682194709777832,7.741912841796875,11.358248710632324,9.21393585205078,5878.67578125,261.48947143554693,241.49978637695312,7.217312812805176,6.652030944824219,3203.5361328125,280.89999389648443,252.37478637695312,4.477733612060547,6.4477577209472665,1589.06689453125,286.76190185546875,282.1872863769531,2.29157829284668,3.3616962432861333,293.50274658203125,283.8251037597656,1.7481803894042969,2.3803749084472656,299.2366638183594,287.8205261230469,0.9419717788696288,0.9329662322998048,0.0,-0.01926136016845703,0.016298294067382812,102156.0,187.3723340034485,0.0,0.0,0.0,0.0,0.0,0.0,0.0,0.0,0.0,0.0,0.0,0.0,0.0,0.0,1.9043655395507808,1.4948806762695312,95440.0,595.5577545166017,302.0487365722656,0.0,13.8,0.0,0.0,0.0,0.0,296.8703918457031,300.8902587890625,0.00948,285.6322326660156,49.3,1.4128437042236328,0.84149169921875,1.6281238016672432,1.4128437042236328,0.84149169921875,-50.0,0.0,0.0,0.0,0.0,0.0,0.0,0.0,0.0,0.0,0.0,0.0,0.8,0.23,250.0,292.0,-20.0,4.0,-0.7000000000000001,70.0,-193.0,18.421289563179016,0.0,0.0,0.0,0.0,--,--,--,--,--,293.4000000000001,586.8000000000002,339.6,53.504256279673434,438.8963165283203,927.0,59.1,94.7,64.0,18.0,8.931257247924805,-1.3219318389892578,0.6812992095947266,2.659526824951172,5.460983276367188,5.253814697265625,4409.52,10.0,60400.0,4410.0,10.0,60300.0,5650.0,6970.0,0.1,10.0
20,0,2020,10,21,-10.0,-999.0,0.0,39000.0,-10.0,-10.0,-10.0,3.5967619046568866,9.050552368164062,6.65692138671875,10.109626770019533,7.5476226806640625,5877.8486328125,261.64639282226557,241.24978637695312,6.2540283203125,5.2642364501953125,3202.4296875,280.84359741210943,253.93728637695312,4.204533576965332,6.479286193847656,1588.552490234375,287.0234375,282.9372863769531,2.414375305175781,2.688583374023437,294.0970458984375,283.9042053222656,2.2703819274902344,1.809640884399414,299.8378601074219,287.8659362792969,1.3167667388916016,0.6899528503417969,0.0,-0.02224063873291016,0.014555215835571287,102126.0,184.71162605285645,0.0,0.0,0.0,0.0,0.0,0.0,0.0,0.0,0.0,0.0,0.0,0.0,0.0,0.0,2.18557357788086,0.9691848754882812,95420.0,595.5577545166017,301.10699462890625,0.0,12.6,0.0,0.0,0.0,0.0,297.466064453125,301.47711181640625,0.00951,285.7024383544922,48.0,1.7169294357299805,0.5173988342285156,1.816714522894472,1.7169294357299805,0.5173988342285156,-50.0,0.0,0.0,0.0,0.0,0.0,0.0,0.0,0.0,0.0,0.0,0.0,0.8,0.23,150.0,220.0,0.0,4.0,-0.8,80.0,-153.0,19.43780171871185,0.0,0.0,0.0,0.0,--,--,--,--,--,291.1,450.6,343.90000000000015,41.004086941480644,433.55897521972656,868.0,54.90000000000001,81.4,61.0,13.0,8.641330718994139,-2.012653350830078,0.6573429107666016,2.1379756927490234,4.319099426269531,3.959415435791016,4398.24,10.0,60500.0,4400.0,10.0,60400.0,5660.0,7020.0,-0.1,10.0
21,0,2020,10,21,-10.0,-999.0,0.0,39200.0,-10.0,-10.0,-10.0,3.031085431575775,8.651919364929201,5.321502685546875,9.570130825042725,6.696067810058594,5875.9599609375,261.883544921875,240.93728637695312,5.113303184509277,5.6951637268066415,3199.87255859375,280.73992919921875,255.56228637695312,3.77763557434082,6.247478485107423,1587.07275390625,287.092529296875,282.8747863769531,1.817338943481445,1.8632316589355469,294.1894226074219,283.8590087890625,1.7241077423095703,1.1399192810058594,299.7958984375,287.7458190917969,0.9420814514160156,0.3150005340576172,0.0,0.01730966567993164,0.011998414993286131,102106.0,182.91916847229004,0.0,0.0,0.0,0.0,0.0,0.0,0.0,0.0,0.0,0.0,0.0,0.0,0.0,0.0,1.6360588073730469,0.3259735107421875,95400.0,595.5577545166017,299.1804504394531,0.0,11.9,0.0,0.0,0.0,0.0,297.18670654296875,301.203125,0.00943,285.5810089111328,48.0,1.186370849609375,0.11212921142578124,1.1909379367716608,1.186370849609375,0.11212921142578124,-50.0,0.0,0.0,0.0,0.0,0.0,0.0,0.0,0.0,0.0,0.0,0.0,0.8,0.16,70.0,160.0,20.0,4.0,-0.4,40.0,-163.0,20.055946230888367,0.0,0.0,0.0,0.0,--,--,--,--,--,288.7,274.1,344.6,25.0,422.6525421142578,750.0,47.1,61.8,65.0,12.0,8.828950881958008,-1.3669052124023438,0.7216567993164062,1.8772640228271484,3.774837493896485,5.023002624511719,4402.08,9.0,60500.0,4400.0,9.0,60300.0,5690.0,7060.0,0.2,0.0
22,0,2020,10,21,-10.0,-999.0,0.0,41900.0,-10.0,-10.0,-10.0,3.639222204685211,7.834273338317871,2.195594787597656,8.063701629638674,5.119743347167969,5876.935546875,261.809310913086,239.81228637695312,4.748893737792969,5.745460510253906,3200.615966796875,280.57212829589844,257.87478637695307,3.2972545623779297,5.9840660095214835,1587.4569091796875,287.21026611328125,282.1872863769531,0.802093505859375,2.4941940307617188,294.35357666015625,282.7934875488281,1.2463579177856443,1.5149822235107422,299.7748718261719,286.4931335449219,0.949350357055664,0.4837245941162109,0.0,-0.012984275817871094,0.013746976852416992,102112.0,183.31752395629883,0.0,0.0,0.0,0.0,0.0,0.0,0.0,0.0,0.0,0.0,0.0,0.0,0.0,0.0,1.3298988342285156,0.5853404998779297,95400.0,595.5577545166017,296.6361389160156,0.0,11.7,0.0,0.0,0.0,0.0,296.7027740478516,300.75732421875,0.0088,284.5039825439453,45.6,1.0502872467041016,0.2386608123779297,1.0638764178147542,1.0502872467041016,0.2386608123779297,-50.0,0.0,0.0,0.0,0.0,0.0,0.0,0.0,0.0,0.0,0.0,0.0,0.8,0.04,0.0,10.0,20.0,4.0,0.6000000000000001,0.0,0.0,19.182525634765625,0.0,0.0,0.0,0.0,--,--,--,--,--,286.6,82.10000000000002,340.6,7.5,408.2952728271485,438.0,29.4,30.0,66.0,13.0,8.383197784423826,-1.0158004760742188,-0.2338218688964844,2.298297882080078,3.5862751007080083,4.9326210021972665,4409.28,12.0,60400.0,4410.0,12.0,60300.0,5680.0,7020.0,1.2000000000000002,0.0
23,0,2020,10,21,-10.0,-999.0,0.0,37100.0,-10.0,-10.0,-10.0,1.1581388525664806,6.9780235290527335,1.29449462890625,7.806962013244629,3.349609375,5880.32373046875,261.8189239501953,239.42091369628903,4.909872055053711,5.199470520019531,3202.843994140625,280.8168792724609,257.93728637695307,3.4240169525146484,5.3388214111328125,1588.3621826171875,287.5481872558594,280.81228637695307,0.2211151123046875,2.7039775848388667,294.32684326171875,283.0243225097656,0.9338817596435548,1.0576057434082031,299.50018310546875,287.2032623291016,0.41896629333496094,0.5083999633789062,0.0,-0.04732704162597656,-0.0368044376373291,102118.0,184.0576400756836,0.0,0.0,0.0,0.0,0.0,0.0,0.0,0.0,0.0,0.0,0.0,0.0,0.0,0.0,0.7142677307128906,0.5030765533447266,95410.0,595.5577545166017,293.6093444824219,0.0,12.2,0.0,0.0,0.0,0.0,294.39427185058594,298.3796081542969,0.00926,285.2579498291016,50.6,0.5537910461425781,0.4715404510498047,0.7531110735144466,0.5537910461425781,0.4715404510498047,-50.0,0.0,0.0,0.0,0.0,0.0,0.0,0.0,0.0,0.0,0.0,0.0,0.8,0.02,-2.0,0.0,40.0,4.0,0.5,0.0,0.0,18.414959430694577,0.0,0.0,0.0,0.0,--,--,--,--,--,283.5,0.0,336.4000000000001,0.0,391.7676239013672,0.0,0.0,0.0,66.0,8.0,7.087669372558594,-2.21426773071289,-0.4766349792480469,1.703927993774414,4.391372680664063,4.0916709899902335,4428.8,12.0,60300.0,4430.0,12.0,60200.0,5690.0,7000.0,0.8,0.0
