Hour,Minute,Year,Month,Date,ATT1,ATT2,ATT3,ATT4,ATT5,ATT6,ATT7,ATT8,ATT9,ATT10,ATT11,ATT12,ATT13,ATT14,ATT15,ATT16,ATT17,ATT18,ATT19,ATT20,ATT21,ATT22,ATT23,ATT24,ATT25,ATT26,ATT27,ATT28,ATT29,ATT30,ATT31,ATT32,ATT33,ATT34,ATT35,ATT36,ATT37,ATT38,ATT39,ATT40,ATT41,ATT42,ATT43,ATT44,ATT45,ATT46,ATT47,ATT48,ATT49,ATT50,ATT51,ATT52,ATT53,ATT54,ATT55,ATT56,ATT57,ATT58,ATT59,ATT60,ATT61,ATT62,ATT63,ATT64,ATT65,ATT66,ATT67,ATT68,ATT69,ATT70,ATT71,ATT72,ATT73,ATT74,ATT75,ATT76,ATT77,ATT78,ATT79,ATT80,ATT81,ATT82,ATT83,ATT84,ATT85,ATT86,ATT87,ATT88,ATT89,ATT90,ATT91,ATT92,ATT93,ATT94,ATT95,ATT96,ATT97,ATT98,ATT99,ATT100,ATT101,ATT102,ATT103,ATT104,ATT105,ATT106,ATT107,ATT108,ATT109,ATT110,ATT111,ATT112,ATT113,ATT114,ATT115,ATT116,ATT117,ATT118,ATT119,ATT120,ATT121,ATT122,ATT123,ATT124,ATT125,ATT126,ATT127,ATT128,ATT129,ATT130,ATT131,ATT132
0,0,2019,10,3,-10.0,-999.0,0.0,39600.0,-10.0,-10.0,-10.0,1.346681907773018,-29.42219543457031,2.629188537597656,-14.59988021850586,-8.482992172241211,5907.83984375,268.7215118408203,244.12478637695312,-11.95647430419922,-1.132061004638672,3186.977294921875,281.7480773925781,269.99978637695307,-7.027346611022949,-5.980754852294923,1550.7789306640625,292.8253173828125,286.0622863769531,-4.62782096862793,-1.5147743225097656,299.6918029785156,289.01905822753906,-2.9723224639892583,-0.0751953125,304.8669128417969,292.1780090332031,-0.07318687438964844,1.0869293212890625,0.0,-0.02701330184936524,0.02443718910217285,101334.0,116.30322456359863,0.0,0.0,0.0,0.0,0.0,0.0,0.0,0.0,0.0,0.0,0.0,0.0,0.0,0.0,-0.5271854400634766,-1.1490631103515625,100360.0,83.96400451660156,302.56494140625,0.0,4.5,0.0,0.0,0.0,0.0,303.3963928222656,303.06500244140625,0.014119999999999999,292.6348876953125,47.90000000000001,0.14388465881347656,-1.079503059387207,1.0677005136385558,0.14388465881347656,-1.079503059387207,-50.0,0.0,0.0,0.0,0.0,0.0,0.0,0.0,0.0,0.0,0.0,0.0,0.2217,0.03,-2.0,1.0,130.0,14.0,-1.7000000000000002,490.0,-25.0,36.059730768203735,0.0,0.0,0.0,0.0,--,--,--,--,--,301.8,0.0,412.5,0.0,436.9739685058594,0.0,0.0,0.0,49.0,29.20000000000001,-5.284507751464844,5.391447067260742,-4.85365104675293,0.5162067413330078,-11.038841247558594,-0.44254302978515625,5240.15767578125,7.0,54300.0,5240.0,7.0,54400.0,6740.0,8410.0,-0.5,140.0
1,0,2019,10,3,-10.0,-999.0,0.0,29300.0,-10.0,-10.0,-10.0,4.102137975394726,-30.106426239013672,3.2638893127441406,-15.414552688598633,-8.05183219909668,5914.64453125,268.6208953857422,238.99978637695312,-11.837536811828613,-1.7292976379394531,3192.5322265625,282.3939208984375,268.06228637695307,-7.7417354583740225,-5.739429473876952,1555.426513671875,292.81549072265625,287.7497863769531,-5.366456031799316,-2.8378276824951167,299.4067077636719,289.6872863769531,-1.4839820861816406,-0.5778331756591797,302.7427978515625,293.8122863769531,0.66241455078125,3.750941276550293,0.0,-0.01595783233642578,0.01688528060913086,101402.0,122.82257843017578,0.0,0.0,0.0,0.0,0.0,0.0,0.0,0.0,0.0,0.0,0.0,0.0,0.0,0.0,0.7405586242675781,5.378076553344727,100440.0,83.96400451660156,300.2015686035156,0.0,4.5,0.0,0.0,0.0,0.0,301.3396911621094,300.9895935058594,0.01523,293.8122863769531,59.90000000000001,-0.05591583251953125,1.6517181396484375,1.6274418705143034,-0.05591583251953125,1.6517181396484375,-50.0,0.0,0.0,0.0,0.0,0.0,0.0,0.0,0.0,0.0,0.0,0.0,0.2198,0.08,-11.0,2.0,150.0,14.0,-1.9,840.0,-44.0,37.95710650086403,0.0,0.0,0.0,0.0,--,--,--,--,--,300.7,0.0,410.20000000000016,0.0,423.8907318115234,0.0,0.0,0.0,126.0,53.90000000000001,-7.1604366302490225,5.919046401977539,-2.155376434326172,-3.9188385009765625,-13.052343368530273,-6.644187927246094,5232.772250976564,2.0,54400.0,5230.0,2.0,54500.0,6730.0,8320.0,-2.4000000000000004,810.0
2,0,2019,10,3,-10.0,-999.0,0.0,24000.0,-10.0,-10.0,-10.0,5.3643825352191925,-30.26327133178711,4.85066032409668,-17.554122924804688,-7.582366943359375,5916.27587890625,268.7447662353516,241.31228637695312,-12.879467010498047,-3.425104141235352,3195.97802734375,282.139404296875,268.74978637695307,-10.584139823913574,-6.31724739074707,1559.143798828125,292.9026184082031,286.4997863769531,-6.538238525390625,-2.601935386657715,299.5669250488281,288.5622863769531,-2.8619556427001966,-1.3917884826660156,300.61224365234375,294.1872863769531,2.350168228149414,3.59552001953125,0.0,-0.01744842529296875,0.01135110855102539,101474.0,129.05447387695312,0.0,0.0,0.0,0.0,0.0,0.0,0.0,0.0,0.0,0.0,0.0,0.0,0.0,0.0,3.3200912475585938,4.0308170318603525,100510.0,83.96400451660156,300.4050750732422,0.0,4.5,0.0,0.0,0.0,0.0,300.5954895019531,300.1541442871094,0.015680000000000003,294.3122863769531,67.9,1.4194698333740234,1.4107131958007812,2.000964151578956,1.4194698333740234,1.4107131958007812,-50.0,0.0,0.0,0.0,0.0,0.0,0.0,0.0,0.0,0.0,0.0,0.0,0.2198,0.12,-3.0,1.0,50.0,14.0,-1.5,510.0,-98.0,36.40144783258438,0.0,0.0,0.0,0.0,--,--,--,--,--,298.9000000000001,0.0,399.5,0.0,424.9494171142578,0.0,0.0,0.0,150.0,74.8,-7.42617130279541,5.341791152954102,-6.634449005126952,-3.3685474395751966,-15.866893768310547,-6.8807373046875,5218.56,3.0,54500.0,5220.0,3.0,54600.0,6780.0,8320.0,-1.4,440.0
3,0,2019,10,3,-10.0,-999.0,0.0,20500.0,-10.0,-10.0,-10.0,4.7124722599983215,-32.246192932128906,7.597305297851562,-20.548036575317386,-4.445903778076172,5915.46728515625,268.62753295898443,243.68728637695312,-13.797348022460938,-3.77606201171875,3196.8798828125,281.35479736328125,271.49978637695307,-11.372859954833984,-7.0806636810302725,1561.48095703125,292.85760498046875,285.9997863769531,-6.514097213745117,-2.0437164306640625,299.415771484375,287.4372863769531,-3.959518432617188,-1.4198389053344729,299.21392822265625,294.1247863769531,2.200817108154297,3.2365407943725586,0.0,-0.0303955078125,0.02826166152954102,101531.0,134.27207946777344,0.0,0.0,0.0,0.0,0.0,0.0,0.0,0.0,0.0,0.0,0.0,0.0,0.0,0.0,2.652576446533203,3.677303314208984,100570.0,83.96400451660156,299.20872497558594,0.0,4.5,0.0,0.0,0.0,0.0,299.2068176269531,298.7528076171875,0.015700000000000002,294.3747863769531,74.2,0.7174749374389648,1.237396240234375,1.439619103912264,0.7174749374389648,1.237396240234375,-50.0,0.0,0.0,0.0,0.0,0.0,0.0,0.0,0.0,0.0,0.0,0.0,0.2198,0.09,-1.0,1.0,47.0,14.0,-0.8,250.0,-164.0,36.310864895582206,0.0,0.0,0.0,0.0,--,--,--,--,--,295.9000000000001,0.0,392.1,0.0,418.0956115722656,0.0,0.0,0.0,169.0,77.60000000000002,-7.920822143554687,5.291688919067383,-7.172666549682617,-2.702007293701172,-16.262493133544922,-7.157241821289063,5229.28,4.0,54500.0,5230.0,4.0,54500.0,6760.0,8260.0,-0.5,150.0
4,0,2019,10,3,-10.0,-999.0,0.0,18900.0,-10.0,-10.0,-10.0,4.090581841766834,-32.70138168334961,6.125303268432617,-21.594524383544922,-3.4815902709960938,5914.080078125,268.8065795898437,243.93728637695312,-13.61357879638672,-4.7133216857910165,3195.314453125,280.75869750976557,274.06228637695307,-11.181910514831543,-6.714958190917969,1560.92236328125,292.4950256347656,286.6872863769531,-6.3764495849609375,-1.2627830505371094,298.654541015625,287.6872863769531,-3.7579383850097656,0.07085418701171875,298.5094299316406,293.7497863769531,1.7502212524414062,2.792609214782715,0.0,-0.00135040283203125,0.019295692443847656,101559.0,136.6843490600586,0.0,0.0,0.0,0.0,0.0,0.0,0.0,0.0,0.0,0.0,0.0,0.0,0.0,0.0,2.1755599975585938,3.1651172637939453,100600.0,83.96400451660156,298.45603942871094,0.0,4.5,0.0,0.0,0.0,0.0,298.37738037109375,297.87823486328125,0.01547,294.1247863769531,77.5,0.4438457489013672,0.735417366027832,0.815315437503159,0.4438457489013672,0.735417366027832,-50.0,0.0,0.0,0.0,0.0,0.0,0.0,0.0,0.0,0.0,0.0,0.0,0.2198,0.05,1.0,0.0,37.0,14.0,0.1,80.0,-192.0,37.497693508863456,0.0,0.0,0.0,0.0,--,--,--,--,--,294.4000000000001,0.0,389.8,0.0,414.0594787597656,0.0,0.0,0.0,138.0,43.7,-8.584833145141603,5.361000061035156,-7.49213981628418,-0.31804466247558594,-15.590368270874025,-8.179668426513674,5251.04,6.0,54300.0,5250.0,6.0,54300.0,6780.0,8250.0,0.9,50.0
5,0,2019,10,3,-10.0,-999.0,0.0,17000.0,-10.0,-10.0,-10.0,2.1110751703381543,-31.76799774169922,4.898761749267578,-21.70504570007324,-3.9124717712402335,5910.55224609375,268.7205810546875,242.18728637695312,-13.763961791992188,-5.653301239013673,3193.098388671875,280.5457763671875,274.62478637695307,-11.306303024291992,-5.300717353820801,1558.4102783203125,292.5628662109375,285.4372863769531,-5.8806095123291025,-1.660015106201172,297.9879150390625,287.9372863769531,-3.0833473205566406,1.2544059753417969,298.2248840332031,293.3747863769531,2.0286073684692383,1.852397918701172,0.0,-0.018703460693359368,0.009441852569580078,101551.0,135.7147445678711,0.0,0.0,0.0,0.0,0.0,0.0,0.0,0.0,0.0,0.0,0.0,0.0,0.0,0.0,2.4712162017822266,2.27138614654541,100590.0,83.96400451660156,297.55357360839844,0.0,4.5,0.0,0.0,0.0,0.0,297.38275146484375,296.8934631347656,0.01539,294.0622863769531,81.80000000000003,0.5576133728027344,0.08914375305175781,0.5651022288948298,0.5576133728027344,0.08914375305175781,-50.0,0.0,0.0,0.0,0.0,0.0,0.0,0.0,0.0,0.0,0.0,0.0,0.2198,0.04,1.0,0.0,43.0,14.0,0.6000000000000001,70.0,-204.0,35.92019265890121,0.0,0.0,0.0,0.0,--,--,--,--,--,295.1,0.0,383.70000000000016,0.0,408.7518157958984,0.0,0.0,0.0,94.0,10.0,-8.760347366333008,5.459709167480469,-7.1790771484375,1.5508766174316406,-15.818540573120115,-8.80023193359375,5231.36,6.0,54400.0,5230.0,6.0,54400.0,6790.0,8230.0,1.2000000000000002,50.0
6,0,2019,10,3,-10.0,-999.0,0.0,16400.0,-10.0,-10.0,-10.0,2.288426272571087,-29.77566146850586,4.877134323120117,-22.204975128173828,-2.8596477508544917,5907.77734375,268.43136596679693,241.31228637695312,-14.586509704589846,-5.4736366271972665,3191.796875,280.323974609375,275.18728637695307,-10.70818328857422,-4.1145286560058585,1557.4468994140625,292.56439208984375,284.8122863769531,-6.068967819213867,-2.022623062133789,297.55413818359375,288.1247863769531,-1.9125232696533203,1.7708892822265625,298.33203125,292.8122863769531,2.3407135009765625,1.3183517456054688,0.0,0.013281822204589844,0.025729894638061523,101552.0,135.49552917480472,0.0,0.0,0.0,0.0,0.0,0.0,0.0,0.0,0.0,0.0,0.0,0.0,0.0,0.0,2.8222694396972656,1.6314916610717771,100590.0,83.96400451660156,296.78273010253906,0.0,4.5,0.0,0.0,0.0,0.0,296.8065490722656,296.3558349609375,0.015200000000000003,293.8122863769531,83.0,0.9848289489746094,0.022711753845214844,1.0017041764222083,0.9848289489746094,0.022711753845214844,-50.0,0.0,0.0,0.0,0.0,0.0,0.0,0.0,0.0,0.0,0.0,0.0,0.2198,0.05,0.0,0.0,43.0,14.0,0.8,60.0,-215.0,35.46322777867317,0.0,0.0,0.0,0.0,--,--,--,--,--,294.5,0.0,381.70000000000016,0.0,404.7926483154297,0.0,0.0,0.0,62.0,0.6000000000000001,-8.110620498657228,5.94654655456543,-6.6740760803222665,2.1964988708496094,-17.108634948730472,-8.005950927734375,5202.4000000000015,6.0,54600.0,5200.0,6.0,54600.0,6760.0,8200.0,1.0,50.0
7,0,2019,10,3,-10.0,-999.0,0.0,15700.0,-10.0,-10.0,-10.0,2.020757582038641,-28.35185241699219,4.5097923278808585,-23.03981208801269,-0.7130546569824219,5906.18212890625,268.31895446777344,239.24978637695312,-15.326173782348633,-4.043071746826172,3190.5283203125,280.3441162109375,275.62478637695307,-10.222484588623047,-4.0032291412353525,1556.612548828125,292.36761474609375,285.1247863769531,-6.147541046142577,-1.6139659881591797,297.10858154296875,288.7497863769531,-1.0424041748046875,1.6075973510742188,298.4496154785156,292.5622863769531,2.381174087524414,1.0876321792602541,0.0,-0.014836311340332031,0.005830526351928711,101555.0,135.65886688232422,0.0,0.0,0.0,0.0,0.0,0.0,0.0,0.0,0.0,0.0,0.0,0.0,0.0,0.0,2.720130920410156,1.279428482055664,100590.0,83.96400451660156,296.1604919433594,0.0,4.5,0.0,0.0,0.0,0.0,296.24749755859375,295.7767639160156,0.015150000000000004,293.8122863769531,84.80000000000003,0.7573623657226562,0.15459632873535156,0.754729010630399,0.7573623657226562,0.15459632873535156,-50.0,0.0,0.0,0.0,0.0,0.0,0.0,0.0,0.0,0.0,0.0,0.0,0.2198,0.02,0.0,0.0,52.0,14.0,1.0,50.0,-213.0,36.32540515065193,0.0,0.0,0.0,0.0,--,--,--,--,--,293.8,0.0,382.5,0.0,401.1876678466797,0.0,0.0,0.0,53.0,3.6,-7.209033966064452,6.492063522338867,-5.551068305969238,2.3574504852294917,-17.837129592895508,-5.8675537109375,5172.0,6.0,54800.0,5170.0,6.0,54800.0,6730.0,8170.0,0.4,60.0
8,0,2019,10,3,-10.0,-999.0,0.0,15500.0,-10.0,-10.0,-10.0,1.961077008396387,-28.37828063964844,4.5585784912109375,-23.290508270263672,1.934513092041016,5914.56787109375,268.27554321289057,236.31228637695312,-15.653375625610352,-1.6975364685058594,3197.409423828125,280.83514404296875,273.31228637695307,-10.445877075195312,-2.924635887145996,1561.3797607421875,292.6773376464844,286.1872863769531,-6.389781951904298,-1.2435455322265625,298.1065979003906,291.1247863769531,-2.0840377807617188,0.8833637237548828,298.911376953125,293.6247863769531,2.253746032714844,0.30828857421875,0.0,0.025186538696289062,0.003481626510620117,101540.0,134.4417724609375,0.0,0.0,0.0,0.0,0.0,0.0,0.0,0.0,0.0,0.0,0.0,0.0,0.0,0.0,2.655986785888672,0.4719257354736328,100580.0,83.96400451660156,295.9201965332031,0.0,4.5,0.0,0.0,0.0,0.0,296.1261901855469,295.69012451171875,0.01519,293.8122863769531,85.4,0.8413019180297852,-0.3717231750488281,0.9384136900189332,0.8413019180297852,-0.3717231750488281,-50.0,0.0,0.0,0.0,0.0,0.0,0.0,0.0,0.0,0.0,0.0,0.0,0.2198,0.04,-1.0,0.0,60.0,14.0,0.9,320.0,-126.0,38.226388990879066,1.125,0.0,0.0,1.125,--,--,--,--,--,298.2,0.0,392.3,0.0,400.1912384033203,0.0,0.0,0.0,57.0,20.3,-6.176445007324219,7.037965774536133,-6.291630744934082,2.4141407012939453,-17.98387336730957,-2.398183822631836,5184.8,3.0,54800.0,5180.0,3.0,54800.0,6740.0,8160.0,-3.0,1190.0
9,0,2019,10,3,-10.0,-999.0,0.0,15300.0,-10.0,-10.0,-10.0,2.7861150726675987,-28.217233657836914,5.827896118164063,-24.302410125732425,4.824592590332031,5908.6552734375,268.020751953125,235.49978637695312,-15.516590118408205,-0.7159194946289062,3195.3515625,280.67437744140625,272.99978637695307,-10.11502456665039,-3.4506435394287114,1561.06298828125,292.7227783203125,283.7497863769531,-5.839162826538086,-0.6924457550048828,298.3280029296875,289.9997863769531,-0.9190711975097656,-0.5117950439453125,298.35595703125,293.0622863769531,3.0298614501953125,-0.8240680694580078,0.0,0.017276763916015625,0.0075380802154541016,101553.0,135.4557113647461,0.0,0.0,0.0,0.0,0.0,0.0,0.0,0.0,0.0,0.0,0.0,0.0,0.0,0.0,3.624603271484375,-0.8232917785644531,100590.0,83.96400451660156,296.3894958496094,0.0,4.5,0.0,0.0,0.0,0.0,296.12841796875,295.6708068847656,0.014980000000000004,293.5622863769531,85.9,0.9591464996337892,-0.4085807800292969,1.0020934157073498,0.9591464996337892,-0.4085807800292969,-50.0,0.0,0.0,0.0,0.0,0.0,0.0,0.0,0.0,0.0,0.0,0.0,0.2198,0.06,2.0,0.0,16.0,14.0,1.1,60.0,-145.0,35.573751986026764,0.0,0.0,0.0,0.0,--,--,--,--,--,298.2,0.0,385.1,0.0,402.3399200439453,0.0,0.0,0.0,64.0,29.70000000000001,-4.575397491455078,6.518392562866211,-5.191886901855469,1.506866455078125,-19.083948135375977,-0.12192153930664062,5125.28,2.0,55200.0,5130.0,2.0,55200.0,6700.0,8130.0,-2.2,810.0
10,0,2019,10,3,-10.0,-999.0,0.0,14300.0,-10.0,-10.0,-10.0,2.4192463830113407,-27.55583953857422,6.594932556152344,-23.30181884765625,6.273681640625,5906.3359375,268.52291870117193,232.99978637695312,-12.92377758026123,-1.239227294921875,3196.474853515625,280.72341918945307,272.74978637695307,-8.898244857788086,-2.5080547332763667,1562.736328125,292.7992248535156,285.3122863769531,-6.146195411682129,-0.6189517974853516,297.7104187011719,289.1872863769531,-2.2016372680664062,-0.5363082885742188,296.4433288574219,293.4997863769531,0.4480419158935547,0.6552944183349609,0.0,0.000560760498046875,0.02279138565063477,101608.0,141.36660766601562,0.0,0.0,0.0,0.0,0.0,0.0,0.0,0.0,0.0,0.0,0.0,0.0,0.0,0.0,0.6139621734619141,0.7452077865600586,100650.0,83.96400451660156,295.49322509765625,0.0,4.5,0.0,0.0,0.0,0.0,295.37432861328125,294.84759521484375,0.014810000000000004,293.4372863769531,88.5,-0.8066768646240234,1.7775030136108398,1.9392984270816669,-0.8066768646240234,1.7775030136108398,-50.0,0.0,0.0,0.0,0.0,0.0,0.0,0.0,0.0,0.0,0.0,0.0,0.2198,0.13,1.0,0.0,26.0,14.0,2.2,60.0,-218.0,37.91652914881706,0.0,0.0,0.0,0.0,--,--,--,--,--,295.2,0.0,383.4,0.0,397.5636901855469,0.0,0.0,0.0,79.0,56.90000000000001,-5.034769058227539,6.595527648925781,-3.8099994659423833,-1.5940399169921875,-14.457906723022461,-0.5456600189208984,5095.04,2.0,55300.0,5100.0,2.0,55400.0,6760.0,8160.0,-0.4,300.0
11,0,2019,10,3,-10.0,-999.0,0.0,13500.0,-10.0,-10.0,-10.0,1.5421845316886902,-27.32876205444336,5.862960815429688,-23.192102432250977,4.3166160583496085,5904.3515625,268.2440948486328,237.43728637695312,-13.221519470214846,-1.274576187133789,3195.388671875,280.67041015625,270.87478637695307,-7.837653160095215,-2.426894187927246,1563.5654296875,292.55828857421875,283.5622863769531,-6.863815307617188,-0.6835727691650391,297.63873291015625,288.1247863769531,-3.1374282836914062,0.6449394226074219,296.5073547363281,293.4997863769531,1.3504066467285156,0.4646024703979492,0.0,-0.0012350082397460938,-0.005480766296386719,101634.0,142.85272598266604,0.0,0.0,0.0,0.0,0.0,0.0,0.0,0.0,0.0,0.0,0.0,0.0,0.0,0.0,1.7157917022705078,0.2629365921020508,100670.0,83.96400451660156,294.928955078125,0.0,4.5,0.0,0.0,0.0,0.0,294.87396240234375,294.332275390625,0.01479,293.3747863769531,91.0,0.8567571640014648,1.0741024017333984,1.3758459507953376,0.8567571640014648,1.0741024017333984,-50.0,0.0,0.0,0.0,0.0,0.0,0.0,0.0,0.0,0.0,0.0,0.0,0.2198,0.09,0.0,0.0,36.0,14.0,2.2,70.0,-201.0,35.016982406377785,0.0,0.0,0.0,0.0,--,--,--,--,--,295.5,0.0,377.4,0.0,394.61009216308594,0.0,0.0,0.0,72.0,60.5,-5.497221946716309,6.800712585449219,-6.297412872314452,0.238037109375,-14.876302719116213,-0.4044113159179688,5067.68,3.0,55500.0,5070.0,3.0,55500.0,6710.0,8170.0,-0.1,130.0
12,0,2019,10,3,-10.0,-999.0,0.0,12800.0,-10.0,-10.0,-10.0,1.8974852208048103,-27.17550468444824,7.970291137695312,-23.34432411193848,6.8328819274902335,5907.50341796875,267.9347076416016,239.37478637695312,-12.846721649169922,0.1507568359375,3197.542724609375,280.8074951171875,268.87478637695307,-7.914044380187987,-2.0765094757080083,1566.558349609375,292.10302734375,283.8747863769531,-6.930280685424805,-0.9115447998046876,297.53228759765625,288.5622863769531,-2.8247318267822266,0.890777587890625,296.85968017578125,294.1247863769531,1.931293487548828,-0.2747831344604492,0.0,-0.00035190582275390625,0.012200117111206056,101677.0,146.28485107421875,0.0,0.0,0.0,0.0,0.0,0.0,0.0,0.0,0.0,0.0,0.0,0.0,0.0,0.0,2.1324424743652344,-0.3491859436035156,100710.0,83.96400451660156,294.1947326660156,0.0,4.5,0.0,0.0,0.0,0.0,294.4733581542969,293.9417419433594,0.015030000000000003,293.67018127441406,93.2,1.213953971862793,0.1844415664672852,1.2522339611314235,1.213953971862793,0.1844415664672852,-50.0,0.0,0.0,0.0,0.0,0.0,0.0,0.0,0.0,0.0,0.0,0.0,0.2198,0.06,-3.0,0.0,64.0,14.0,1.7000000000000002,310.0,-167.0,34.615582883358,0.0,0.0,0.0,0.0,--,--,--,--,--,295.8,18.4,378.20000000000016,2.25,390.70664978027344,268.0,9.3,22.20000000000001,66.0,52.40000000000001,-4.159099578857422,6.8336734771728525,-6.5136680603027335,0.4468460083007813,-14.225688934326172,1.479047775268555,5066.4000000000015,4.0,55600.0,5070.0,4.0,55600.0,6700.0,8190.0,-1.2000000000000002,420.0
13,0,2019,10,3,-10.0,-999.0,0.0,13900.0,-10.0,-10.0,-10.0,2.6051856465637684,-27.608173370361328,9.005016326904297,-23.62947082519531,7.5075836181640625,5910.63134765625,267.7821502685547,240.43728637695312,-12.480655670166016,0.5632972717285156,3201.45947265625,280.57989501953125,272.06228637695307,-8.359622001647951,-2.210041046142578,1571.1697998046875,291.92474365234375,283.8122863769531,-7.377704620361327,-0.5945091247558594,298.0726318359375,282.78131103515625,-3.33840560913086,1.082611083984375,297.0273132324219,294.67449951171875,2.041393280029297,-1.369089126586914,0.0,0.012533187866210938,-0.022463560104370117,101734.0,151.10721588134766,0.0,0.0,0.0,0.0,0.0,0.0,0.0,0.0,0.0,0.0,0.0,0.0,0.0,0.0,2.153751373291016,-1.346574783325195,100770.0,83.96400451660156,298.43699645996094,0.0,4.5,0.0,0.0,0.0,0.0,296.74163818359375,296.0854797363281,0.01592,294.61106872558594,87.7,1.2353429794311523,-0.7757072448730469,1.5013723415322602,1.2353429794311523,-0.7757072448730469,-50.0,0.0,0.0,0.0,0.0,0.0,0.0,0.0,0.0,0.0,0.0,0.0,0.2198,0.14,43.0,7.0,12.0,14.0,-0.6000000000000001,520.0,-134.0,32.49854023754597,0.0,0.0,0.0,0.0,--,--,--,--,--,298.1,215.1,375.3,27.0,413.8063507080078,694.0,40.90000000000001,68.4,54.0,44.7,-3.8535385131835938,6.53581428527832,-7.351318359375,0.9059371948242188,-13.727275848388672,2.458538055419922,5043.36,9.0,55800.0,5040.0,9.0,55800.0,6730.0,8200.0,-1.3,380.0
14,0,2019,10,3,-10.0,-999.0,0.0,17000.0,-10.0,-10.0,-10.0,2.8592285066843037,-27.05803680419922,10.533573150634766,-23.98020362854004,8.116794586181639,5912.505859375,267.4317626953125,241.18728637695312,-11.716176986694336,0.9955883026123048,3203.433349609375,280.8916015625,271.56228637695307,-8.87533187866211,-1.0797843933105469,1573.118896484375,291.8428649902344,282.5610656738281,-7.389778137207031,-2.3287220001220703,297.78631591796875,284.6300201416016,-3.5682106018066406,-0.7503376007080078,299.0763854980469,295.84698486328125,0.8571023941040039,-2.12200927734375,0.0,0.003944873809814453,-0.031551361083984375,101747.0,152.59716796875,0.0,0.0,0.0,0.0,0.0,0.0,0.0,0.0,0.0,0.0,0.0,0.0,0.0,0.0,0.8146038055419922,-2.2096481323242188,100780.0,83.96400451660156,302.7584533691406,0.0,4.7,0.0,0.0,0.0,0.0,299.9624481201172,299.31591796875,0.017759999999999998,296.3850860595703,80.60000000000002,0.6570301055908203,-1.9570465087890625,2.0642440747469664,0.6570301055908203,-1.9570465087890625,-50.0,0.0,0.0,0.0,0.0,0.0,0.0,0.0,0.0,0.0,0.0,0.0,0.2198,0.19,88.0,17.0,50.0,14.0,-4.7,1820.0,-47.0,32.47043265402317,0.0,0.0,0.0,0.0,--,--,--,--,--,303.9000000000001,427.70000000000016,385.5,53.625,438.1893310546875,834.0,53.90000000000001,97.8,67.0,34.7,-3.457679748535156,5.947486877441406,-6.318405151367188,0.14424610137939453,-12.363788604736328,3.196044921875,5022.4000000000015,11.0,55900.0,5020.0,11.0,55900.0,6660.0,8150.0,-3.7,1330.0
15,0,2019,10,3,-10.0,-999.0,0.0,25700.0,-10.0,-10.0,-10.0,3.3932406064122915,-26.66621017456055,11.439315795898438,-23.94993782043457,8.412086486816406,5915.16748046875,267.227279663086,240.62478637695312,-12.033183097839355,1.035003662109375,3205.62890625,281.14773559570307,269.74978637695307,-8.834404945373535,-0.8305644989013672,1574.97607421875,291.62139892578125,284.3279724121094,-7.332756042480469,-2.8390769958496094,297.46649169921875,287.2795715332031,-4.53179931640625,-1.2883224487304688,301.6022033691406,294.9040985107422,0.029356002807617188,-1.8783302307128904,0.0,0.009087085723876951,0.013261795043945312,101743.0,152.2612762451172,0.0,0.0,0.0,0.0,0.0,0.0,0.0,0.0,0.0,0.0,0.0,0.0,0.0,0.0,0.04933929443359375,-1.8282451629638672,100780.0,83.96400451660156,308.1177673339844,0.0,4.9,0.0,0.0,0.0,0.0,302.88710021972656,302.21502685546875,0.016530000000000003,295.2336120605469,63.3,0.058475494384765625,-1.6954574584960938,1.6884659850620665,0.058475494384765625,-1.6954574584960938,-50.0,0.0,0.0,0.0,0.0,0.0,0.0,0.0,0.0,0.0,0.0,0.0,0.2198,0.18,204.0,52.0,44.0,14.0,-4.800000000000002,1800.0,-15.0,34.75659120082855,0.0,0.0,0.0,0.0,--,--,--,--,--,309.8,609.4,402.5,76.5,470.2741088867188,897.0,61.40000000000001,119.1,75.0,36.6,-3.9019069671630864,6.054250717163086,-5.613081932067871,-0.4997634887695313,-11.958169937133787,2.82302474975586,5025.440000000001,11.0,55900.0,5030.0,11.0,55900.0,6620.0,8150.0,-4.2,1470.0
16,0,2019,10,3,-10.0,-999.0,0.0,34400.0,-10.0,-10.0,-10.0,4.896082103252411,-24.95354461669922,11.662578582763672,-22.66067123413086,8.999961853027344,5918.00048828125,267.3716278076172,237.99978637695312,-12.00265121459961,1.0358257293701172,3207.831787109375,281.45407104492193,266.43728637695307,-7.485715866088867,-1.2197113037109375,1576.109375,291.5412292480469,286.3122863769531,-6.558816909790039,-2.8607139587402344,297.50360107421875,289.9233703613281,-2.954386711120605,-1.5836677551269531,303.8589172363281,293.7874755859375,0.07628631591796875,-1.0964012145996094,0.0,0.013257980346679688,0.015095710754394531,101704.0,149.133544921875,0.0,0.0,0.0,0.0,0.0,0.0,0.0,0.0,0.0,0.0,0.0,0.0,0.0,0.0,0.06809806823730469,-1.027179718017578,100740.0,83.96400451660156,313.89013671875,0.0,4.4,0.0,0.0,0.0,0.0,305.08348083496094,304.4298400878906,0.01525,293.9009552001953,51.6,0.09699249267578124,-0.9625978469848632,1.0010199499083683,0.09699249267578124,-0.9625978469848632,-50.0,0.0,0.0,0.0,0.0,0.0,0.0,0.0,0.0,0.0,0.0,0.0,0.2198,0.13,261.0,23.0,-60.0,14.0,-4.2,1500.0,0.0,35.98585003614426,0.0,0.0,0.0,0.0,--,--,--,--,--,314.9000000000001,743.5,415.9,93.25259906519207,506.3888549804688,928.0,66.2,133.6,71.0,31.1,-3.5919780731201167,6.2893829345703125,-4.0038414001464835,-1.3479604721069336,-12.221824645996096,2.190866470336914,5033.28,9.0,55900.0,5030.0,9.0,55900.0,6650.0,8160.0,-3.9,1380.0
17,0,2019,10,3,-10.0,-999.0,0.0,39400.0,-10.0,-10.0,-10.0,4.532153882086278,-25.39385986328125,10.950687408447266,-23.293197631835927,9.623031616210938,5917.142578125,267.39846801757807,236.93728637695312,-11.710506439208984,2.6655807495117188,3207.548095703125,281.3807983398437,265.68728637695307,-6.345049858093263,-1.879064559936524,1576.11474609375,291.725830078125,285.9997863769531,-5.022646903991699,-3.1469802856445312,298.2095031738281,289.8747863769531,-0.8226280212402344,-2.22705078125,305.1446533203125,293.0622863769531,-0.6206226348876953,-1.3069467544555664,0.0,-0.01589488983154297,-0.005690813064575195,101665.0,146.2767333984375,0.0,0.0,0.0,0.0,0.0,0.0,0.0,0.0,0.0,0.0,0.0,0.0,0.0,0.0,-0.7782106399536133,-1.1876945495605469,100710.0,83.96400451660156,316.1484375,0.0,4.5,0.0,0.0,0.0,0.0,306.3240661621094,305.7069396972656,0.014770000000000004,293.3951721191406,46.5,-0.7648248672485352,-1.0905904769897459,1.3143514267867429,-0.7648248672485352,-1.0905904769897459,-50.0,0.0,0.0,0.0,0.0,0.0,0.0,0.0,0.0,0.0,0.0,0.0,0.2198,0.16,360.0,34.0,-60.0,14.0,-4.2,1480.0,0.0,35.08747486770153,0.0,0.0,0.0,0.0,--,--,--,--,--,318.6,820.3000000000003,418.8,102.87828649254514,521.2787780761719,945.0,69.0,141.3,58.0,8.5,-1.7255201339721682,5.63703727722168,-0.8246231079101562,-1.7140436172485352,-11.185823440551758,4.220293045043944,5021.6,9.0,56000.0,5020.0,9.0,56000.0,6710.0,8170.0,-3.6,1200.0
18,0,2019,10,3,-10.0,-999.0,0.0,43500.0,-10.0,-10.0,-10.0,5.300982214510442,-25.46672058105469,10.791507720947266,-23.478294372558594,10.024871826171877,5914.12890625,267.5341796875,236.93728637695312,-10.733372688293457,3.40688705444336,3205.36083984375,281.19778442382807,265.74978637695307,-6.58458423614502,-2.615180969238281,1573.789306640625,292.119384765625,286.5622863769531,-4.963284492492676,-2.549571990966797,299.21136474609375,289.30548095703125,-2.9633769989013667,-2.283355712890625,306.1441650390625,292.4867858886719,-1.7069320678710938,-1.696611404418945,0.0,-0.02049875259399414,0.01976752281188965,101591.0,139.7146987915039,0.0,0.0,0.0,0.0,0.0,0.0,0.0,0.0,0.0,0.0,0.0,0.0,0.0,0.0,-1.9610481262207031,-1.7539453506469729,100630.0,83.96400451660156,316.4902038574219,0.0,4.5,0.0,0.0,0.0,0.0,307.26043701171875,306.6925964355469,0.01424,292.8013916015625,42.7,-1.779499053955078,-1.6296424865722656,2.3777766451239586,-1.779499053955078,-1.6296424865722656,-50.0,0.0,0.0,0.0,0.0,0.0,0.0,0.0,0.0,0.0,0.0,0.0,0.2198,0.23,380.0,39.0,-10.0,14.0,-3.9,1440.0,0.0,34.465303361415856,0.0,0.0,0.0,0.0,--,--,--,--,--,320.7000000000001,829.8000000000003,421.1,104.12941505108029,523.4012908935547,946.0,69.60000000000001,141.5,33.0,12.1,-1.0024480819702148,4.774444580078125,-1.8388519287109373,-0.7253913879394531,-8.727252960205076,5.661233901977539,5006.1625390625,9.0,56100.0,5010.0,9.0,56100.0,6750.0,8120.0,-3.3000000000000003,1170.0
19,0,2019,10,3,-10.0,-999.0,0.0,48500.0,-10.0,-10.0,-10.0,5.359341897070409,-25.36627578735352,12.782733917236328,-23.29682540893555,11.019779205322266,5910.912109375,267.71273803710943,236.87478637695312,-10.127370834350586,4.272441864013672,3202.0087890625,281.05325317382807,266.62478637695307,-7.127378463745117,-2.7854766845703125,1568.842529296875,292.81439208984375,286.9372863769531,-4.174753189086913,-2.1711578369140625,299.84332275390625,288.7431945800781,-2.813316345214844,-1.5213346481323242,306.8838806152344,291.5313720703125,-1.979684829711914,-0.7677516937255859,0.0,-0.01613616943359375,0.0292203426361084,101503.0,131.9843978881836,0.0,0.0,0.0,0.0,0.0,0.0,0.0,0.0,0.0,0.0,0.0,0.0,0.0,0.0,-2.490614891052246,-0.5870885848999023,100540.0,83.96400451660156,316.68988037109375,0.0,4.4,0.0,0.0,0.0,0.0,307.93450927734375,307.5315856933594,0.013370000000000002,291.7710723876953,38.40000000000001,-2.2001686096191406,-0.4085826873779297,2.2519507786491886,-2.2001686096191406,-0.4085826873779297,-50.0,0.0,0.0,0.0,0.0,0.0,0.0,0.0,0.0,0.0,0.0,0.0,0.2198,0.22,340.0,38.0,-20.0,14.0,-3.0,1110.0,-3.0,34.781135112047195,0.0,0.0,0.0,0.0,--,--,--,--,--,320.1,770.2,423.4,96.63124198652805,524.8469543457031,931.0,68.8,134.20000000000002,31.0,3.5,-0.6560201644897461,5.198110580444336,-0.9550628662109376,-1.2993383407592771,-7.791149139404298,5.309825897216797,5006.475859375,9.0,56000.0,5010.0,9.0,56000.0,6790.0,8110.0,-2.3000000000000003,810.0
20,0,2019,10,3,-10.0,-999.0,0.0,52200.0,-10.0,-10.0,-10.0,5.672373607754707,-25.020862579345703,14.595115661621096,-23.30585479736328,12.302345275878904,5916.56640625,268.12147521972656,236.81228637695312,-9.49157428741455,4.267234802246094,3205.5947265625,280.70770263671875,273.68728637695307,-7.256034851074219,-2.787769317626953,1567.059814453125,293.8124694824219,286.5622863769531,-4.532459259033203,-2.4540367126464844,300.733642578125,288.0254364013672,-3.4622783660888667,-2.3476009368896484,307.85980224609375,291.02647399902344,-2.220409393310547,-1.3415756225585938,0.0,0.026254653930664062,-0.01463961601257324,101438.0,126.25751113891602,0.0,0.0,0.0,0.0,0.0,0.0,0.0,0.0,0.0,0.0,0.0,0.0,0.0,0.0,-2.9180383682250977,-1.0735206604003906,100480.0,83.96400451660156,316.0726623535156,0.0,4.4,0.0,0.0,0.0,0.0,308.90704345703125,308.5202331542969,0.012969999999999999,291.2875671386719,35.9,-2.5319643020629883,-0.8663835525512695,2.691581218503416,-2.5319643020629883,-0.8663835525512695,-50.0,0.0,0.0,0.0,0.0,0.0,0.0,0.0,0.0,0.0,0.0,0.0,0.2198,0.24,270.0,33.0,10.0,14.0,-2.5,990.0,0.0,35.46319478750229,0.0,0.0,0.0,0.0,--,--,--,--,--,319.4000000000001,647.2,425.5,81.25712103117256,520.3911437988281,896.0,65.9,119.7,24.0,5.300000000000002,-0.1805973052978516,4.2080841064453125,-1.5844078063964844,-1.6072349548339844,-6.598670959472656,6.056694030761719,5089.44953125,8.0,55500.0,5090.0,8.0,55500.0,6820.0,8100.0,-1.7000000000000002,660.0
21,0,2019,10,3,-10.0,-999.0,0.0,54300.0,-10.0,-10.0,-10.0,5.738824665546418,-23.06574058532715,14.578155517578125,-23.30226325988769,11.657474517822266,5910.529296875,267.81674194335943,237.18728637695312,-8.968849182128906,3.0598068237304688,3204.982421875,280.17160034179693,274.49978637695307,-7.886125564575195,-3.2314624786376966,1566.72607421875,294.3988037109375,285.2497863769531,-4.355435371398927,-2.6401891708374023,301.7052001953125,287.7853698730469,-2.175018310546875,-2.8236560821533203,308.436279296875,290.8598327636719,-1.0308542251586914,-2.281347274780273,0.0,-0.004253387451171875,0.01937615871429444,101393.0,122.14648056030272,0.0,0.0,0.0,0.0,0.0,0.0,0.0,0.0,0.0,0.0,0.0,0.0,0.0,0.0,-1.649152755737305,-2.333049774169922,100426.8115234375,83.96400451660156,312.7210998535156,0.0,7.6,0.0,0.0,0.0,0.0,309.49951171875,309.1134338378906,0.01278,291.0186004638672,34.300000000000004,-1.4589729309082031,-2.002908706665039,2.5027961055748165,-1.4589729309082031,-2.002908706665039,-50.0,0.0,0.0,0.0,0.0,0.0,0.0,0.0,0.0,0.0,0.0,0.0,0.2198,0.22,110.0,32.0,100.0,14.0,-2.8000000000000003,1080.0,0.0,35.786722362041466,0.25,0.0,0.0,0.25,--,--,--,--,--,315.5,472.4,427.5,59.25757595105097,498.8528747558594,828.0,60.6,98.4,34.0,10.5,0.19387435913085926,3.9727535247802734,-1.6214981079101562,-0.6473789215087891,-7.595722198486327,5.83619499206543,5026.353515625,9.0,55900.0,5030.0,9.0,55900.0,6780.0,8080.0,-2.4000000000000004,880.0
22,0,2019,10,3,-10.0,-999.0,0.0,54500.0,-10.0,-10.0,-10.0,5.3939240127801895,-19.154193878173828,14.781700134277346,-23.00090789794922,11.968986511230467,5908.48779296875,267.56558227539057,237.31228637695312,-8.06020450592041,2.0016441345214844,3204.320068359375,279.84207153320307,276.49978637695307,-7.302826881408691,-3.95644760131836,1565.43359375,294.5165100097656,285.6247863769531,-4.323472976684569,-1.4130010604858398,301.6349182128906,288.6859893798828,-2.5852413177490234,-1.2940807342529297,308.2857666015625,290.677978515625,-1.4501590728759766,-0.8393764495849609,0.0,-0.00536346435546875,-0.02100801467895508,101374.0,120.61427307128906,0.0,0.0,0.0,0.0,0.0,0.0,0.0,0.0,0.0,0.0,0.0,0.0,0.0,0.0,-2.3633403778076167,-1.0660018920898438,100420.0,83.96400451660156,311.1539611816406,0.0,5.9,0.0,0.0,0.0,0.0,309.1025085449219,308.789306640625,0.01255,290.7332305908203,34.300000000000004,-2.1511001586914062,-0.9027395248413086,2.3164421296678483,-2.1511001586914062,-0.9027395248413086,-50.0,0.0,0.0,0.0,0.0,0.0,0.0,0.0,0.0,0.0,0.0,0.0,0.2198,0.2,60.0,20.0,90.0,14.0,-2.7,980.0,-3.0,36.823411464691155,0.0,0.0,0.0,0.0,--,--,--,--,--,312.4000000000001,263.3,428.5,33.0,488.8177185058594,694.0,49.2,69.0,16.0,9.2,-0.8538837432861328,5.398292541503906,-1.2881126403808594,-0.5849800109863281,-5.693899154663086,3.112855911254884,5031.1044921875,8.0,55800.0,5031.904525756836,8.0,55800.0,6650.0,8040.0,-2.5,920.0
23,0,2019,10,3,-10.0,-999.0,0.0,47600.0,-10.0,-10.0,-10.0,5.6499233320355415,-13.816486358642578,11.369621276855467,-22.173864364624023,11.04424285888672,5904.45654296875,267.4257659912109,236.93728637695312,-7.105091094970702,1.6305809020996094,3200.265625,279.71853637695307,276.62478637695307,-7.207259178161621,-4.829399108886719,1562.54248046875,294.35003662109375,283.7497863769531,-4.888937950134277,-1.2537298202514648,301.211669921875,289.1062927246094,-1.999783515930176,-0.7117977142333984,307.38519287109375,292.2200469970703,-0.12555408477783206,-0.3174467086791992,0.0,-0.025186538696289062,-0.027069091796875,101378.0,119.5191879272461,0.0,0.0,0.0,0.0,0.0,0.0,0.0,0.0,0.0,0.0,0.0,0.0,0.0,0.0,-0.7548551559448242,-2.0055503845214844,100410.0,83.96400451660156,307.861083984375,0.0,5.0,0.0,0.0,0.0,0.0,307.93206787109375,307.5790710449219,0.013909999999999999,292.3921661376953,40.0,-0.5189495086669922,-1.8108510971069336,1.8811803949065504,-0.5189495086669922,-1.8108510971069336,-50.0,0.0,0.0,0.0,0.0,0.0,0.0,0.0,0.0,0.0,0.0,0.0,0.2198,0.15,-1.0,8.0,90.0,14.0,-4.0,1470.0,-10.0,35.86401492357254,0.0,0.0,0.0,0.0,--,--,--,--,--,310.5,53.40000000000001,424.6,6.75,468.6616516113281,292.0,25.5,24.0,21.0,25.5,-0.5120153427124023,4.813413619995117,-3.473739624023437,0.10020256042480467,-6.4864749908447275,3.73261833190918,5039.698984375,8.0,55700.0,5040.0,8.0,55700.0,6640.0,8020.0,-3.9,1420.0
