Hour,Minute,Year,Month,Date,ATT1,ATT2,ATT3,ATT4,ATT5,ATT6,ATT7,ATT8,ATT9,ATT10,ATT11,ATT12,ATT13,ATT14,ATT15,ATT16,ATT17,ATT18,ATT19,ATT20,ATT21,ATT22,ATT23,ATT24,ATT25,ATT26,ATT27,ATT28,ATT29,ATT30,ATT31,ATT32,ATT33,ATT34,ATT35,ATT36,ATT37,ATT38,ATT39,ATT40,ATT41,ATT42,ATT43,ATT44,ATT45,ATT46,ATT47,ATT48,ATT49,ATT50,ATT51,ATT52,ATT53,ATT54,ATT55,ATT56,ATT57,ATT58,ATT59,ATT60,ATT61,ATT62,ATT63,ATT64,ATT65,ATT66,ATT67,ATT68,ATT69,ATT70,ATT71,ATT72,ATT73,ATT74,ATT75,ATT76,ATT77,ATT78,ATT79,ATT80,ATT81,ATT82,ATT83,ATT84,ATT85,ATT86,ATT87,ATT88,ATT89,ATT90,ATT91,ATT92,ATT93,ATT94,ATT95,ATT96,ATT97,ATT98,ATT99,ATT100,ATT101,ATT102,ATT103,ATT104,ATT105,ATT106,ATT107,ATT108,ATT109,ATT110,ATT111,ATT112,ATT113,ATT114,ATT115,ATT116,ATT117,ATT118,ATT119,ATT120,ATT121,ATT122,ATT123,ATT124,ATT125,ATT126,ATT127,ATT128,ATT129,ATT130,ATT131,ATT132
0,0,2019,9,13,-10.0,-999.0,0.0,21400.0,-10.0,-10.0,-10.0,4.3576862663030616,-16.135595321655273,-9.35272216796875,-15.994361877441404,-9.47092056274414,5906.3828125,265.82666015625,242.93728637695312,-6.055702209472656,-2.8980445861816406,3207.50537109375,281.6112976074219,263.72921752929693,-11.089218139648438,-4.610115051269531,1576.031494140625,291.5471496582031,289.0622863769531,-7.044919967651367,-5.89166259765625,297.1472473144531,292.87657165527344,-3.898792266845703,-1.0788097381591797,301.2576599121094,295.9599914550781,-1.757793426513672,2.0786170959472656,0.0,0.0142974853515625,-0.003962516784667969,101705.0,148.9272499084473,0.0,0.0,0.0,0.0,0.0,0.0,0.0,0.0,0.0,0.0,0.0,0.0,0.0,0.0,-1.657854080200195,2.0865192413330083,101680.0,2.4952545166015625,302.5868835449219,0.0,8.3,0.0,0.0,0.0,0.0,302.1878967285156,300.7915344238281,0.01787,296.66217041015625,72.5,-1.2137460708618164,1.511518478393555,1.940715009579435,-1.2137460708618164,1.511518478393555,-50.0,0.0,0.0,0.0,0.0,0.0,0.0,0.0,0.0,0.0,0.0,0.0,0.0665,0.13,7.0,0.0,30.0,11.0,-7.0,2900.0,-40.0,42.61288630962372,5.25,0.0,0.0,5.25,--,--,--,--,--,291.6,0.0,417.1,0.0,451.55517578125,0.0,0.0,0.0,105.0,26.3,-11.898635864257812,2.3423900604248047,-3.342510223388672,-3.742101669311523,-3.644096374511719,-4.626899719238281,4763.144375,26.0,57800.0,4760.0,26.0,57800.0,6270.0,7560.0,-6.9,2850.0
1,0,2019,9,13,-10.0,-999.0,0.0,19900.0,-10.0,-10.0,-10.0,1.8082745298743248,-14.29803466796875,-9.6466064453125,-16.429101943969727,-9.333488464355467,5906.56494140625,265.7460174560547,245.06228637695312,-7.03297233581543,-3.33218002319336,3207.16064453125,281.3878173828125,266.49978637695307,-12.834602355957033,-4.353120803833009,1576.5263671875,291.67041015625,286.1872863769531,-7.4647979736328125,-5.947660446166992,297.1807861328125,291.5840301513672,-4.185104370117188,-2.2678203582763667,301.1537780761719,295.8364562988281,-1.2211761474609375,1.4856796264648438,0.0,0.010110855102539062,-0.0031473636627197266,101724.0,150.64116287231442,0.0,0.0,0.0,0.0,0.0,0.0,0.0,0.0,0.0,0.0,0.0,0.0,0.0,0.0,-0.4053230285644531,1.194072723388672,101700.0,2.4952545166015625,300.3818664550781,0.0,8.3,0.0,0.0,0.0,0.0,300.7434997558594,299.2801208496094,0.01788,296.6598815917969,75.4,-0.25302696228027344,0.8978490829467773,0.941196387866512,-0.25302696228027344,0.8978490829467773,-50.0,0.0,0.0,0.0,0.0,0.0,0.0,0.0,0.0,0.0,0.0,0.0,0.0665,0.02,0.0,0.0,20.0,11.0,-6.8000000000000025,2760.0,-30.0,39.45517480373383,12.25,0.0,0.0,12.25,--,--,--,--,--,290.2,0.0,408.20000000000016,0.0,438.6275939941406,0.0,0.0,0.0,130.0,30.0,-10.828689575195312,3.3306922912597656,-3.656646728515625,-3.8585128784179688,-5.3675193786621085,-4.245941162109375,4803.05265625,26.0,57500.0,4800.0,26.0,57500.0,6240.0,7540.0,-6.8000000000000025,2730.0
2,0,2019,9,13,-10.0,-999.0,0.0,19600.0,-10.0,-10.0,-10.0,1.9189737178385256,-12.710199356079102,-10.105731964111328,-15.163131713867188,-8.088794708251951,5912.3125,265.8779296875,246.06228637695312,-7.1665592193603525,-2.051349639892578,3211.129150390625,281.730224609375,264.31228637695307,-12.787353515625,-2.8389205932617188,1579.6158447265625,291.5897521972656,286.9997863769531,-8.209741592407228,-5.7955474853515625,297.3128662109375,290.8219909667969,-4.208900451660156,-2.5901813507080083,301.1813049316406,293.97227478027344,-0.9282550811767578,1.3379878997802734,0.0,-0.025043487548828125,0.02129054069519043,101761.0,153.79957580566406,0.0,0.0,0.0,0.0,0.0,0.0,0.0,0.0,0.0,0.0,0.0,0.0,0.0,0.0,-0.5303363800048828,1.0198917388916016,101730.0,2.4952545166015625,299.1988525390625,0.0,8.3,0.0,0.0,0.0,0.0,299.80059814453125,298.3631896972656,0.017650000000000002,296.4372863769531,76.10000000000002,-0.5174140930175781,0.7065238952636719,0.8774393207859248,-0.5174140930175781,0.7065238952636719,-50.0,0.0,0.0,0.0,0.0,0.0,0.0,0.0,0.0,0.0,0.0,0.0,0.0665,0.02,-1.0,0.0,10.0,11.0,-6.2,2440.0,-60.0,38.045823335647576,0.0,0.0,0.0,0.0,--,--,--,--,--,289.0,0.0,404.1,0.0,431.50189208984375,0.0,0.0,0.0,136.0,33.0,-9.785619735717773,4.464103698730469,-3.6798019409179688,-3.9831371307373047,-5.3981590270996085,-2.778341293334961,4838.1590625,24.0,57300.0,4840.0,24.0,57300.0,6270.0,7560.0,-5.1000000000000005,1900.0
3,0,2019,9,13,-10.0,-999.0,0.0,19000.0,-10.0,-10.0,-10.0,1.474852193146944,-12.76255989074707,-9.563926696777344,-14.100957870483398,-7.377388000488281,5914.515625,265.7652740478516,246.93728637695312,-7.450263977050781,-2.642986297607422,3213.251220703125,281.92437744140625,263.3383178710937,-12.974849700927734,-2.177330017089844,1582.2314453125,291.67816162109375,286.1247863769531,-9.37000846862793,-4.931737899780273,297.60296630859375,289.5665740966797,-3.8630657196044917,-2.5524120330810547,301.04290771484375,293.51502990722656,-0.10380172729492188,1.324909210205078,0.0,-0.017889022827148438,-0.013236284255981444,101796.0,156.7904319763184,0.0,0.0,0.0,0.0,0.0,0.0,0.0,0.0,0.0,0.0,0.0,0.0,0.0,0.0,-0.08537483215332031,0.9063243865966796,101770.0,2.4952545166015625,297.0751647949219,0.0,8.3,0.0,0.0,0.0,0.0,298.3957824707031,296.92840576171875,0.017750000000000002,296.51702880859375,77.30000000000003,-0.28658485412597656,0.7114620208740234,0.8134899412980303,-0.28658485412597656,0.7114620208740234,-50.0,0.0,0.0,0.0,0.0,0.0,0.0,0.0,0.0,0.0,0.0,0.0,0.0665,0.02,-3.0,0.0,35.0,11.0,-6.3000000000000025,2480.0,-60.0,37.630373954772956,0.0,0.0,0.0,0.0,--,--,--,--,--,287.3,0.0,401.5,0.0,419.4954528808594,0.0,0.0,0.0,135.0,48.40000000000001,-9.993829727172852,4.641338348388672,-4.271381378173828,-3.9034461975097656,-6.302803039550781,-3.3952503204345703,4800.08515625,25.0,57600.0,4800.0,25.0,57600.0,6260.0,7550.0,-4.9,1780.0
4,0,2019,9,13,-10.0,-999.0,0.0,18000.0,-10.0,-10.0,-10.0,2.094353672116996,-13.081951141357422,-8.819969177246094,-13.67144775390625,-7.067646026611327,5911.1064453125,265.82894897460943,242.62478637695312,-7.233741760253906,-2.104135513305664,3211.07275390625,281.7983703613281,262.77413940429693,-13.105964660644533,-2.7535629272460938,1580.52685546875,291.3403625488281,287.3122863769531,-9.90638542175293,-4.2512054443359375,297.2905578613281,289.9372863769531,-4.357429504394531,-1.9703025817871087,300.6893005371094,293.8747863769531,-0.4524860382080078,1.449676513671875,0.0,0.01992511749267578,0.030440807342529293,101789.0,155.91423416137698,0.0,0.0,0.0,0.0,0.0,0.0,0.0,0.0,0.0,0.0,0.0,0.0,0.0,0.0,-0.5620403289794922,1.0629138946533203,101760.0,2.4952545166015625,296.5389404296875,0.0,8.4,0.0,0.0,0.0,0.0,297.94732666015625,296.4921875,0.0176,296.3747863769531,77.9,-0.7647037506103516,0.7550077438354492,1.1281269169412549,-0.7647037506103516,0.7550077438354492,-50.0,0.0,0.0,0.0,0.0,0.0,0.0,0.0,0.0,0.0,0.0,0.0,0.0665,0.03,-4.0,-1.0,27.0,11.0,-6.3000000000000025,2540.0,-50.0,37.48668682575226,0.0,0.0,0.0,0.0,--,--,--,--,--,290.9000000000001,0.0,402.4,0.0,416.6754150390625,0.0,0.0,0.0,122.0,49.0,-10.277090072631836,4.920890808105469,-4.8720703125,-3.31525993347168,-5.881147384643555,-3.312583923339844,4779.6070312500015,20.0,57700.0,4780.0,20.0,57700.0,6260.0,7530.0,-5.0,1880.0
5,0,2019,9,13,-10.0,-999.0,0.0,17700.0,-10.0,-10.0,-10.0,2.1813024133443832,-14.421873092651367,-6.4649085998535165,-14.730506896972654,-6.18359375,5911.3076171875,266.10592651367193,241.12478637695312,-7.0596208572387695,-2.24161148071289,3209.343505859375,281.4041748046875,263.2512664794922,-12.847013473510742,-3.070621490478516,1579.135009765625,291.005859375,287.1247863769531,-9.11196517944336,-3.54446029663086,297.009521484375,290.25262451171875,-5.4920806884765625,-1.347820281982422,300.35418701171875,294.0619659423828,-0.1821002960205078,1.678070068359375,0.0,-0.02445220947265625,-0.021434545516967773,101794.0,156.2490272521973,0.0,0.0,0.0,0.0,0.0,0.0,0.0,0.0,0.0,0.0,0.0,0.0,0.0,0.0,-0.4385929107666016,1.244548797607422,101760.0,2.4952545166015625,296.0371398925781,0.0,8.700000000000001,0.0,0.0,0.0,0.0,297.561279296875,296.088134765625,0.01729,296.1056365966797,77.4,-0.5858745574951172,1.0390520095825195,1.1898024713154882,-0.5858745574951172,1.0390520095825195,-50.0,0.0,0.0,0.0,0.0,0.0,0.0,0.0,0.0,0.0,0.0,0.0,0.0665,0.03,-4.0,-3.0,29.0,11.0,-5.9,2480.0,-50.0,36.433963179588325,0.0,0.0,0.0,0.0,--,--,--,--,--,291.7,0.0,400.4,0.0,413.5709228515625,0.0,0.0,0.0,125.0,57.1,-10.590150833129883,4.80858039855957,-7.031797409057617,-2.9576396942138667,-6.1419830322265625,-3.9968051910400386,4844.671015625,18.0,57200.0,4840.0,18.0,57200.0,6290.0,7560.0,-4.800000000000002,1930.0
6,0,2019,9,13,-10.0,-999.0,0.0,700.0,-10.0,-10.0,-10.0,1.4644795823842287,-15.986116409301758,-5.391620635986328,-16.87119483947754,-5.988304138183594,5907.8515625,266.0348052978516,243.18728637695312,-7.996725082397461,-2.6621379852294917,3206.31787109375,280.896240234375,263.94293212890625,-12.77094554901123,-2.9847469329833984,1577.662109375,290.88555908203125,285.5622863769531,-8.563488006591799,-2.586069107055664,296.8093566894531,289.1937561035156,-5.639373779296875,-1.2968463897705078,300.1307373046875,294.2404479980469,0.07137298583984375,0.9339447021484376,0.0,-0.02046489715576172,0.015336036682128906,101795.0,156.2755126953125,0.0,0.0,0.0,0.0,0.0,0.0,0.0,0.0,0.0,0.0,0.0,0.0,0.0,0.0,-0.24436187744140625,0.4638175964355469,101770.0,2.4952545166015625,295.3466491699219,0.0,8.9,0.0,0.0,0.0,0.0,297.0583190917969,295.60467529296875,0.01684,295.6463317871094,75.3,-0.4007453918457031,0.3068351745605469,0.5031215548515321,-0.4007453918457031,0.3068351745605469,-50.0,0.0,0.0,0.0,0.0,0.0,0.0,0.0,0.0,0.0,0.0,0.0,0.0665,0.01,-2.0,-2.0,29.0,11.0,-5.8000000000000025,2460.0,-40.0,35.127127408981316,53.25,0.0,0.0,53.25,101700.0,24.582307815551758,43.522300720214844,101400.0,95.50361633300781,288.7,0.0,397.9,0.0,409.7580871582031,0.0,0.0,0.0,132.0,55.90000000000001,-9.699365615844727,5.137535095214844,-7.191974639892577,-1.9009037017822263,-7.41375732421875,-3.617729187011719,4857.82703125,19.0,57100.0,4860.0,19.0,57100.0,6270.0,7540.0,-4.800000000000002,1980.0
7,0,2019,9,13,-10.0,-999.0,0.0,18700.0,-10.0,-10.0,-10.0,1.1613246053457258,-16.844213485717773,-5.546783447265625,-18.29523468017578,-6.0032501220703125,5906.1611328125,265.7837677001953,247.56431579589844,-8.886219024658203,-2.382040023803711,3204.7529296875,280.901123046875,263.68728637695307,-11.288005828857422,-3.216503143310547,1576.8387451171875,290.80291748046875,284.22332763671875,-6.4436683654785165,-2.310131072998047,296.7695617675781,287.77195739746094,-5.159614562988281,-1.1418838500976562,300.0480041503906,294.03248596191406,1.0107460021972656,-0.3332500457763672,0.0,0.0239863395690918,0.012278556823730469,101797.0,156.35026931762698,0.0,0.0,0.0,0.0,0.0,0.0,0.0,0.0,0.0,0.0,0.0,0.0,0.0,0.0,0.5583457946777344,-0.8178977966308594,101770.0,2.4952545166015625,294.96551513671875,0.0,9.2,0.0,0.0,0.0,0.0,296.8473205566406,295.39752197265625,0.0165,295.34483337402344,74.10000000000002,0.2690391540527344,-0.8664159774780273,0.8780758776701987,0.2690391540527344,-0.8664159774780273,-50.0,0.0,0.0,0.0,0.0,0.0,0.0,0.0,0.0,0.0,0.0,0.0,0.0665,0.02,-4.0,-3.0,25.0,11.0,-5.6000000000000005,2300.0,-40.0,33.548794507980354,2.0,0.0,0.0,2.0,--,--,--,--,--,286.0,0.0,391.70000000000016,0.0,407.9081115722656,0.0,0.0,0.0,129.0,49.5,-6.9774169921875,5.301239013671875,-7.332435607910156,-0.18735504150390625,-9.13579559326172,-2.018848419189453,4852.24662109375,23.0,57100.0,4850.0,23.0,57100.0,6240.0,7510.0,-4.7,1840.0
8,0,2019,9,13,-10.0,-999.0,0.0,19500.0,-10.0,-10.0,-10.0,2.592194326221944,-19.81702423095703,-4.265392303466797,-19.413379669189453,-4.977863311767578,5910.455078125,265.8798065185547,250.87478637695312,-9.334436416625977,-1.4218215942382812,3205.83642578125,281.14013671875,265.5958251953125,-10.500770568847656,-2.299015045166016,1577.35595703125,290.85211181640625,284.9874725341797,-5.576915740966797,-2.182968139648437,297.83966064453125,285.42750549316406,-4.558961868286133,-1.0398216247558594,300.61102294921875,294.4653625488281,1.7178487777709959,-2.232219696044922,0.0,0.021198272705078125,-0.028843164443969727,101772.0,154.5351104736328,0.0,0.0,0.0,0.0,0.0,0.0,0.0,0.0,0.0,0.0,0.0,0.0,0.0,0.0,1.269084930419922,-1.8569087982177728,101740.0,2.4952545166015625,294.9261779785156,0.0,9.8,0.0,0.0,0.0,0.0,297.0533752441406,295.6477355957031,0.016530000000000003,295.3533630371094,72.3,0.9905719757080078,-1.6858882904052734,1.9412117961328483,0.9905719757080078,-1.6858882904052734,-50.0,0.0,0.0,0.0,0.0,0.0,0.0,0.0,0.0,0.0,0.0,0.0,0.0665,0.05,-10.0,-7.0,21.0,11.0,-5.9,2380.0,-60.0,34.167786478996284,0.0,0.0,0.0,0.0,--,--,--,--,--,283.0,0.0,391.6,0.0,407.4474792480469,0.0,0.0,0.0,139.0,54.6,-4.64683723449707,5.309131622314453,-7.4512062072753915,0.985687255859375,-10.366544723510742,0.25922203063964844,4882.48134765625,28.0,56900.0,4880.0,28.0,56900.0,6260.0,7540.0,-5.1000000000000005,2010.0
9,0,2019,9,13,-10.0,-999.0,0.0,18500.0,-10.0,-10.0,-10.0,4.724260147660972,-21.014156341552734,-6.453056335449219,-19.51495361328125,-4.9880943298339835,5915.97412109375,266.80496215820307,249.49978637695312,-9.41402816772461,-1.3219375610351562,3205.507080078125,281.721435546875,264.51046752929693,-9.529254913330078,-1.9767265319824217,1575.8536376953125,291.061767578125,284.97166442871094,-5.2439231872558585,-1.552629470825195,298.4859313964844,284.0843505859375,-2.8906707763671875,-1.1703338623046875,300.6341247558594,295.3201599121094,2.3582210540771484,-4.2653541564941415,0.0,-0.02728366851806641,0.012337923049926758,101735.0,151.3337669372559,0.0,0.0,0.0,0.0,0.0,0.0,0.0,0.0,0.0,0.0,0.0,0.0,0.0,0.0,2.224346160888672,-4.023658752441406,101700.0,2.4952545166015625,296.8136901855469,0.0,11.3,0.0,0.0,0.0,0.0,298.7095642089844,297.2671203613281,0.01779,296.54144287109375,77.60000000000002,1.4372596740722656,-3.001407623291016,3.313046595081687,1.4372596740722656,-3.001407623291016,-50.0,0.0,0.0,0.0,0.0,0.0,0.0,0.0,0.0,0.0,0.0,0.0,0.0665,0.12,-24.0,-6.0,0.0,11.0,-5.5,2590.0,-60.0,33.57800316810608,0.0,0.0,0.0,0.0,--,--,--,--,--,284.7,0.0,392.20000000000016,0.0,417.9046173095703,0.0,0.0,0.0,102.0,39.0,-2.520702362060547,5.005090713500977,-6.000349044799805,2.3894615173339844,-11.317829132080078,2.05325698852539,4979.373251953125,25.0,56300.0,4980.0,25.0,56300.0,6380.0,7570.0,-5.1000000000000005,2390.0
10,0,2019,9,13,-10.0,-999.0,0.0,20800.0,-10.0,-10.0,-10.0,5.803079701960088,-21.02798843383789,-7.592483520507812,-18.12978744506836,-5.311779022216797,5915.8603515625,267.2826538085937,239.43728637695312,-10.479551315307617,-0.6874885559082031,3209.15966796875,281.7618408203125,267.5651397705078,-7.387484550476074,-0.4725494384765625,1578.046142578125,291.3218994140625,286.4685363769531,-6.9068260192871085,-2.540151596069336,298.7531433105469,284.94842529296875,-3.0807971954345703,-0.10202407836914062,300.696044921875,294.622802734375,3.708227157592773,-4.5085716247558585,0.0,0.012665748596191406,0.00507807731628418,101741.0,151.91307830810547,0.0,0.0,0.0,0.0,0.0,0.0,0.0,0.0,0.0,0.0,0.0,0.0,0.0,0.0,3.6613674163818373,-4.3622217178344735,101710.0,2.4952545166015625,297.2364654541016,0.0,11.9,0.0,0.0,0.0,0.0,299.3787536621094,297.93829345703125,0.01726,296.0552520751953,73.7,2.1896629333496094,-3.170220375061035,3.87674036459066,2.1896629333496094,-3.170220375061035,-50.0,0.0,0.0,0.0,0.0,0.0,0.0,0.0,0.0,0.0,0.0,0.0,0.0665,0.17,-41.0,2.0,8.0,11.0,-4.4,2250.0,-80.0,35.73176634311675,0.0,0.0,0.0,0.0,--,--,--,--,--,284.0,0.0,397.20000000000016,0.0,420.6766052246094,0.0,0.0,0.0,68.0,40.8,-1.492319107055664,5.275215148925781,-6.2994232177734375,3.3166179656982417,-13.978008270263672,3.441425323486328,4904.27189453125,16.0,56800.0,4900.0,16.0,56800.0,6440.0,7590.0,-3.8,1970.0
11,0,2019,9,13,-10.0,-999.0,0.0,18200.0,-10.0,-10.0,-10.0,5.911440275609492,-19.563434600830078,-5.543678283691406,-16.78536033630371,-4.8811798095703125,5921.240234375,267.3221435546875,241.68728637695312,-10.883585929870604,-0.8650569915771484,3212.431396484375,282.24322509765625,262.40174865722656,-8.583737373352049,-0.7935638427734375,1579.9197998046875,291.5392761230469,285.3747863769531,-7.44291877746582,-3.2419357299804688,298.3269958496094,285.9463653564453,-1.9026222229003904,-2.1161489486694336,299.7519226074219,295.91400146484375,1.822162628173828,-5.6019439697265625,0.0,0.0026073455810546875,0.023258209228515625,101777.0,154.55572891235354,0.0,0.0,0.0,0.0,0.0,0.0,0.0,0.0,0.0,0.0,0.0,0.0,0.0,0.0,1.623556137084961,-5.100210189819336,101740.0,2.4952545166015625,297.3832244873047,0.0,11.9,0.0,0.0,0.0,0.0,299.238037109375,297.7748107910156,0.01784,296.5919189453125,79.10000000000002,1.0131759643554688,-3.9205036163330083,4.001480568898842,1.0131759643554688,-3.9205036163330083,-50.0,0.0,0.0,0.0,0.0,0.0,0.0,0.0,0.0,0.0,0.0,0.0,0.0665,0.21,-46.0,2.0,15.0,11.0,-4.7,2390.0,-70.0,34.465034246444695,2.0,0.0,0.0,2.0,--,--,--,--,--,283.6,0.0,395.3,0.0,421.1136169433594,0.0,0.0,0.0,78.0,27.0,-1.693098068237305,4.3046836853027335,-4.373985290527344,2.56094741821289,-12.791177749633787,4.099721908569337,4951.289770507813,13.0,56500.0,4950.0,13.0,56500.0,6440.0,7590.0,-4.7,2410.0
12,0,2019,9,13,-10.0,-999.0,0.0,15400.0,-10.0,-10.0,-10.0,5.510437332093716,-18.97743225097656,-4.5436744689941415,-16.746074676513672,-3.751983642578125,5919.107421875,266.52359008789057,249.12478637695312,-9.81710433959961,-0.7161293029785156,3216.10791015625,281.89263916015625,260.37478637695307,-8.373427391052246,-0.5994644165039062,1583.978271484375,292.03729248046875,282.59950256347656,-6.307294845581055,-3.496318817138672,298.0202941894531,287.24708557128906,-1.4649009704589844,-4.4643821716308585,299.25921630859375,295.3553771972656,-1.151662826538086,-5.4298744201660165,0.0,0.02976703643798828,-0.004694938659667969,101829.0,158.6685371398926,0.0,0.0,0.0,0.0,0.0,0.0,0.0,0.0,0.0,0.0,0.0,0.0,0.0,0.0,-2.1124305725097656,-4.325731277465819,101810.0,2.4952545166015625,297.7237243652344,0.0,11.9,0.0,0.0,0.0,0.0,298.84747314453125,297.32745361328125,0.01818,296.9248504638672,85.7,-1.753530502319336,-3.532759666442871,3.938002830662299,-1.753530502319336,-3.532759666442871,-50.0,0.0,0.0,0.0,0.0,0.0,0.0,0.0,0.0,0.0,0.0,0.0,0.0665,0.23,-33.0,3.0,7.0,11.0,-5.4,2460.0,-80.0,33.83412671089173,0.0,0.0,0.0,0.0,--,--,--,--,--,282.7,43.6,388.8,5.875,423.2500915527344,380.0,17.2,32.5,79.0,3.2,-1.5114879608154297,3.8447208404541016,-0.5502719879150391,-0.5035648345947266,-8.674373626708983,3.748735427856445,4802.143046875,23.0,57600.0,4800.0,23.0,57600.0,6340.0,7550.0,-4.9,2180.0
13,0,2019,9,13,-10.0,-999.0,0.0,15700.0,-10.0,-10.0,-10.0,6.525767272338271,-18.573772430419922,-2.996734619140625,-17.371650695800778,-2.7575645446777344,5917.11572265625,266.34872436523443,248.49978637695312,-10.194454193115234,-2.224050521850586,3213.201904296875,281.859130859375,259.24978637695307,-7.344411849975586,-1.040386199951172,1583.4332275390625,291.8118896484375,280.56222534179693,-6.2484703063964835,-3.449737548828125,297.10089111328125,286.4764862060547,-3.9948101043701167,-5.607378959655762,298.38775634765625,293.9681396484375,-3.676284790039064,-4.965591430664063,0.0,-0.015588760375976562,0.0001881122589111328,101874.0,161.98151969909668,0.0,0.0,0.0,0.0,0.0,0.0,0.0,0.0,0.0,0.0,0.0,0.0,0.0,0.0,-2.8881568908691406,-3.765960693359375,101850.0,2.4952545166015625,301.60569763183594,0.0,11.9,0.0,0.0,0.0,0.0,299.79766845703125,298.2162780761719,0.01761,296.4404296875,84.0,-2.2338104248046875,-3.053522109985352,3.751633457257413,-2.2338104248046875,-3.053522109985352,-50.0,0.0,0.0,0.0,0.0,0.0,0.0,0.0,0.0,0.0,0.0,0.0,0.0655,0.28,70.0,13.0,-20.0,11.0,-4.800000000000002,2030.0,-60.0,31.55936551094055,0.0,0.0,0.0,0.0,--,--,--,--,--,289.0,254.0,382.9,34.0,445.8478240966797,719.0,44.6,76.7,67.0,24.0,-3.645668029785156,4.143484115600587,-2.439373016357422,-2.450035095214844,-7.266423225402832,1.6114177703857422,4817.9146875,21.0,57500.0,4820.0,21.0,57400.0,6320.0,7570.0,-3.5,1420.0
14,0,2019,9,13,-10.0,-999.0,0.0,19800.0,-10.0,-10.0,-10.0,5.941030964255332,-19.07874870300293,-2.2832489013671875,-17.848709106445312,-2.5576095581054688,5916.14453125,265.95974731445307,246.24978637695312,-10.568266868591307,-2.204265594482422,3218.0537109375,281.15875244140625,257.16050720214844,-8.422174453735353,-1.0556144714355469,1589.8076171875,291.1593017578125,282.49346923828125,-7.772714614868164,-3.184741973876953,297.4010009765625,285.1829071044922,-5.559455871582031,-3.3089752197265625,298.7679443359375,293.9358825683594,-3.761066436767578,-4.0696067810058585,0.0,0.02798748016357422,-0.02499246597290039,101941.0,168.06511688232422,0.0,0.0,0.0,0.0,0.0,0.0,0.0,0.0,0.0,0.0,0.0,0.0,0.0,0.0,-2.9026546478271484,-3.686590194702149,101910.0,2.4952545166015625,306.2931213378906,0.0,11.6,0.0,0.0,0.0,0.0,301.7340393066406,300.10009765625,0.016970000000000002,295.79608154296875,74.2,-2.4539470672607417,-3.4252758026123047,4.192199551034719,-2.4539470672607417,-3.4252758026123047,-50.0,0.0,0.0,0.0,0.0,0.0,0.0,0.0,0.0,0.0,0.0,0.0,0.0655,0.33,200.0,13.0,-35.0,11.0,-5.1000000000000005,2050.0,-60.0,29.63345193862915,0.0,0.0,0.0,0.0,--,--,--,--,--,296.9000000000001,476.1,385.1,63.75,474.0115051269531,847.0,57.3,107.7,77.0,35.2,-5.149805068969727,4.866783142089844,-3.644428253173828,0.6168060302734375,-7.683368682861327,0.8888530731201172,4733.63125,26.0,58100.0,4730.0,26.0,58100.0,6280.0,7580.0,-4.0,1500.0
15,0,2019,9,13,-10.0,-999.0,0.0,25100.0,-10.0,-10.0,-10.0,5.87180819734931,-19.115385055541992,-0.6765861511230469,-18.14225959777832,-1.4983863830566406,5918.642578125,266.00863647460943,240.99978637695312,-11.297589302062988,-4.077943801879884,3220.23583984375,281.19247436523443,257.43728637695307,-8.315921783447267,-1.8694744110107424,1591.8271484375,291.1298522949219,281.8139343261719,-6.356660842895508,-3.9003925323486333,297.301025390625,285.3717193603516,-5.179384231567383,-1.8697166442871087,299.92645263671875,293.5028381347656,-3.2047576904296875,-3.618640899658203,0.0,0.006596565246582031,0.01080942153930664,101963.0,170.5967502593994,0.0,0.0,0.0,0.0,0.0,0.0,0.0,0.0,0.0,0.0,0.0,0.0,0.0,0.0,-2.417057037353516,-3.613689422607422,101930.0,2.4952545166015625,310.6828308105469,0.0,11.1,0.0,0.0,0.0,0.0,303.4418640136719,301.827880859375,0.016200000000000003,295.09075927734375,64.60000000000001,-2.146514892578125,-3.50325870513916,4.065293009392917,-2.146514892578125,-3.50325870513916,-50.0,0.0,0.0,0.0,0.0,0.0,0.0,0.0,0.0,0.0,0.0,0.0,0.0655,0.34,334.0,23.0,-38.0,11.0,-5.0,1940.0,-20.0,28.085364937782288,0.0,0.0,0.0,0.0,--,--,--,--,--,305.5,671.9000000000002,388.0,89.87705053435639,501.70068359375,912.0,65.4,131.6,76.0,20.5,-6.702705383300781,4.6690330505371085,-2.70584487915039,2.309093475341797,-8.722549438476562,-1.380422592163086,4728.2575,25.0,58100.0,4730.0,25.0,58100.0,6290.0,7610.0,-4.0,1470.0
16,0,2019,9,13,-10.0,-999.0,0.0,30600.0,-10.0,-10.0,-10.0,5.230318874120711,-17.84768295288086,0.4180335998535156,-17.647689819335938,0.10075759887695312,5921.2783203125,265.90380859375,239.81228637695312,-12.902915954589846,-3.85833740234375,3220.329345703125,281.5436706542969,258.93728637695307,-7.6304054260253915,-1.5377941131591797,1590.839599609375,291.32763671875,277.8164520263672,-6.923465728759768,-4.225600242614746,297.0786437988281,286.76698303222656,-5.871368408203125,-2.1344881057739262,301.14935302734375,293.2095947265625,-3.69708251953125,-2.2387046813964844,0.0,-0.00357818603515625,-0.031337738037109375,101942.0,169.46319389343262,0.0,0.0,0.0,0.0,0.0,0.0,0.0,0.0,0.0,0.0,0.0,0.0,0.0,0.0,-2.83808708190918,-2.1869792938232417,101900.0,2.4952545166015625,314.5327453613281,0.0,10.5,0.0,0.0,0.0,0.0,304.70416259765625,303.0649108886719,0.015719999999999998,294.5775451660156,56.7,-2.5513925552368164,-2.2565412521362305,3.3768290070584044,-2.5513925552368164,-2.2565412521362305,-50.0,0.0,0.0,0.0,0.0,0.0,0.0,0.0,0.0,0.0,0.0,0.0,0.0655,0.3,438.0,33.0,-36.0,11.0,-5.300000000000002,2050.0,0.0,28.522732019424442,0.0,0.0,0.0,0.0,--,--,--,--,--,308.7000000000001,818.8000000000003,395.9,109.50248622172512,527.2032165527344,945.0,69.9,148.0,61.0,24.0,-7.444965362548827,4.873254776000977,-3.516742706298828,-0.05034732818603516,-10.359703063964844,-2.2227935791015625,4766.108906250001,24.0,57900.0,4770.0,24.0,57900.0,6270.0,7610.0,-4.4,1620.0
17,0,2019,9,13,-10.0,-999.0,0.0,29600.0,-10.0,-10.0,-10.0,5.3794389218091965,-18.459983825683594,0.7501564025878906,-16.73868179321289,1.8336639404296875,5920.87744140625,266.0808258056641,236.56228637695312,-13.645774841308596,-2.9376125335693364,3218.6650390625,281.62347412109375,260.4402618408203,-7.396069526672362,-1.045816421508789,1589.0086669921875,291.0579833984375,279.43728637695307,-8.327007293701174,-4.921812057495117,296.5953369140625,288.82867431640625,-6.159591674804688,-2.699850082397461,301.3927307128906,294.0177001953125,-4.680022239685059,-0.5256290435791016,0.0,0.010731697082519531,-0.02591133117675781,101923.0,167.97818565368652,0.0,0.0,0.0,0.0,0.0,0.0,0.0,0.0,0.0,0.0,0.0,0.0,0.0,0.0,-4.6823997497558585,0.9047698974609376,101880.0,2.4952545166015625,315.7505798339844,0.0,9.8,0.0,0.0,0.0,0.0,305.98065185546875,304.3150329589844,0.01641,295.27996826171875,57.8,-4.483566284179688,0.8322296142578125,4.5672252704389384,-4.483566284179688,0.8322296142578125,-50.0,0.0,0.0,0.0,0.0,0.0,0.0,0.0,0.0,0.0,0.0,0.0,0.0655,0.38,490.0,40.0,-20.0,11.0,-6.1000000000000005,2540.0,0.0,31.11184775829315,0.0,0.0,0.0,0.0,--,--,--,--,--,307.0,901.0,405.0,120.50200861971823,535.439697265625,954.0,73.5,156.70000000000005,74.0,24.5,-9.238767623901367,5.35968017578125,-1.4581985473632812,-3.960723876953125,-9.679880142211914,-3.58096694946289,4785.42453125,25.0,57700.0,4790.0,25.0,57700.0,6300.0,7680.0,-5.300000000000002,2110.0
18,0,2019,9,13,-10.0,-999.0,0.0,27200.0,-10.0,-10.0,-10.0,6.390191964805126,-18.903766632080078,0.6996726989746094,-15.983638763427734,1.3400154113769531,5919.36865234375,266.0861053466797,229.93728637695312,-13.21383285522461,-2.01797103881836,3215.908203125,281.93194580078125,260.4842987060547,-6.651053428649902,-1.4067630767822266,1584.942626953125,291.4561767578125,277.87478637695307,-8.865562438964844,-6.195476531982423,296.6314697265625,288.8682556152344,-6.202425003051758,-3.229331970214844,301.29559326171875,294.68389892578125,-5.437652587890625,0.8829669952392578,0.0,0.025039196014404297,0.025155305862426758,101868.0,163.1847629547119,0.0,0.0,0.0,0.0,0.0,0.0,0.0,0.0,0.0,0.0,0.0,0.0,0.0,0.0,-5.894886016845702,1.93716049194336,101830.0,2.4952545166015625,315.70196533203125,0.0,9.3,0.0,0.0,0.0,0.0,306.2024230957031,304.6044616699219,0.01702,295.8708190917969,60.8,-5.465177536010742,1.8494873046875,5.751564651494848,-5.465177536010742,1.8494873046875,-50.0,0.0,0.0,0.0,0.0,0.0,0.0,0.0,0.0,0.0,0.0,0.0,0.0655,0.45,530.0,40.0,-20.0,11.0,-6.7,2790.0,0.0,30.14300799369812,0.0,0.0,0.0,0.0,--,--,--,--,--,309.1,922.0,403.9,123.37756533385254,534.9708251953125,957.0,74.5,158.20000000000005,83.0,26.20000000000001,-10.285737991333008,5.103485107421875,-0.3814201354980469,-6.0671348571777335,-7.8653507232666025,-3.6181678771972656,4808.47453125,21.0,57500.0,4810.0,21.0,57500.0,6320.0,7710.0,-5.8000000000000025,2330.0
19,0,2019,9,13,-10.0,-999.0,0.0,28100.0,-10.0,-10.0,-10.0,7.2321907132864,-17.51462173461914,3.389610290527344,-16.042755126953125,2.634807586669922,5915.7294921875,266.2376708984375,224.06228637695312,-12.714487075805664,-1.3967933654785156,3211.854248046875,281.98052978515625,257.74978637695307,-6.773153305053711,-1.8524150848388672,1580.7183837890625,291.7347106933594,278.81228637695307,-8.554927825927733,-6.818248748779298,297.1346740722656,288.87908935546875,-5.988128662109375,-3.377374649047852,301.4862365722656,294.6191711425781,-5.873491287231445,2.2694549560546875,0.0,-0.012021541595458984,-0.023935556411743164,101799.0,157.34081888198853,0.0,0.0,0.0,0.0,0.0,0.0,0.0,0.0,0.0,0.0,0.0,0.0,0.0,0.0,-6.453145980834961,2.706146240234375,101760.0,2.4952545166015625,314.911865234375,0.0,8.8,0.0,0.0,0.0,0.0,306.3360595703125,304.83990478515625,0.016790000000000003,295.6609191894531,59.40000000000001,-5.92420768737793,2.379617691040039,6.380571436602622,-5.92420768737793,2.379617691040039,-50.0,0.0,0.0,0.0,0.0,0.0,0.0,0.0,0.0,0.0,0.0,0.0,0.0655,0.49,490.0,30.0,-10.0,11.0,-6.4,2610.0,-10.0,29.544939517974854,0.0,0.0,0.0,0.0,--,--,--,--,--,309.6,873.0,403.70000000000016,116.87698601861484,529.7051391601561,949.0,72.7,151.8,81.0,30.70000000000001,-10.875450134277344,4.877889633178711,0.2420005798339844,-7.482423782348633,-6.780204772949219,-3.619449615478516,4809.38359375,18.0,57500.0,4810.0,18.0,57500.0,6330.0,7740.0,-5.6000000000000005,2180.0
20,0,2019,9,13,-10.0,-999.0,0.0,31200.0,-10.0,-10.0,-10.0,7.89911812543869,-17.155710220336914,3.520648956298828,-14.31256866455078,3.640399932861328,5910.0556640625,266.1868896484375,214.93728637695312,-11.808399200439453,-1.9402999877929688,3209.28173828125,281.6468200683594,255.93728637695312,-8.38507080078125,-1.8502140045166016,1578.70068359375,291.9922790527344,281.12478637695307,-8.284282684326174,-6.932299613952638,297.794189453125,287.585693359375,-6.183049201965332,-2.699117660522461,301.8446044921875,293.4841003417969,-6.005577087402344,3.82290267944336,0.0,-0.032967567443847656,-0.008319377899169922,101751.0,153.3531074523926,0.0,0.0,0.0,0.0,0.0,0.0,0.0,0.0,0.0,0.0,0.0,0.0,0.0,0.0,-6.277822494506836,3.9679355621337886,101720.0,2.4952545166015625,313.6600036621094,0.0,8.3,0.0,0.0,0.0,0.0,306.3988037109375,304.93157958984375,0.01591,294.7530517578125,55.7,-5.569477081298828,3.3434734344482417,6.50629302021116,-5.569477081298828,3.3434734344482417,-50.0,0.0,0.0,0.0,0.0,0.0,0.0,0.0,0.0,0.0,0.0,0.0,0.0655,0.49,410.0,30.0,-10.0,11.0,-5.6000000000000005,2220.0,-10.0,28.66533875465393,0.0,0.0,0.0,0.0,--,--,--,--,--,308.2000000000001,760.0,400.9,101.62671471992508,521.3970642089844,925.0,69.60000000000001,137.8,98.0,43.6,-12.666912078857422,4.179985046386719,-0.45062255859375,-7.963815689086914,-5.760883331298827,-5.3970069885253915,4754.0221875,15.0,57900.0,4750.0,15.0,57900.0,6330.0,7740.0,-4.5,1680.0
21,0,2019,9,13,-10.0,-999.0,0.0,32100.0,-10.0,-10.0,-10.0,7.467750310897827,-13.555517196655273,3.841094970703125,-12.423030853271484,2.734195709228516,5908.724609375,266.1376495361328,227.93728637695312,-12.082496643066404,-1.44195556640625,3208.548095703125,281.5690002441406,255.12478637695312,-8.816516876220703,-2.0739059448242188,1577.0570068359375,292.19622802734375,281.305419921875,-7.6859779357910165,-7.3608150482177725,297.94830322265625,287.7497863769531,-6.229096412658691,-3.114295959472656,301.8553466796875,293.06622314453125,-5.744009017944336,4.022209167480469,0.0,0.006231784820556641,0.019108057022094727,101726.0,151.10371160507205,0.0,0.0,0.0,0.0,0.0,0.0,0.0,0.0,0.0,0.0,0.0,0.0,0.0,0.0,-5.75898551940918,3.97026252746582,101700.0,2.4952545166015625,312.09747314453125,0.0,7.4,0.0,0.0,0.0,0.0,305.9089660644531,304.4449462890625,0.01542,294.2568359375,54.8,-4.997808456420898,3.357227325439453,6.002556561259552,-4.997808456420898,3.357227325439453,-50.0,0.0,0.0,0.0,0.0,0.0,0.0,0.0,0.0,0.0,0.0,0.0,0.0655,0.45,330.0,30.0,-10.0,11.0,-4.9,1890.0,-20.0,28.565527319908146,0.0,0.0,0.0,0.0,--,--,--,--,--,306.9000000000001,589.6,399.5,78.87586697726509,510.980712890625,876.0,64.3,116.5,95.0,39.2,-12.046804428100586,4.416059494018555,-1.1240730285644531,-8.277339935302733,-6.343315124511719,-4.8273468017578125,4749.5915625,12.0,57900.0,4750.0,12.0,57900.0,6330.0,7720.0,-3.9,1430.0
22,0,2019,9,13,-10.0,-999.0,0.0,29100.0,-10.0,-10.0,-10.0,6.653789296746254,-7.8886051177978525,4.866188049316406,-11.299514770507812,1.9582862854003904,5908.46240234375,265.91012573242193,240.99978637695312,-12.226451873779295,0.9264888763427734,3206.965576171875,281.7672119140625,241.87478637695312,-10.445795059204102,-3.1245708465576167,1575.2547607421875,292.4891052246094,281.2899932861328,-8.17918586730957,-8.339736938476562,298.4541015625,286.89991760253906,-6.4669952392578125,-3.8771152496337886,301.53216552734375,293.85595703125,-4.7104454040527335,3.964197158813477,0.0,-0.017958641052246094,0.01334989070892334,101689.0,147.78043782711032,0.0,0.0,0.0,0.0,0.0,0.0,0.0,0.0,0.0,0.0,0.0,0.0,0.0,0.0,-4.561147689819336,3.969417572021485,101660.0,2.4952545166015625,309.9100036621094,0.0,5.7,0.0,0.0,0.0,0.0,304.9285583496094,303.5567932128906,0.01592,294.72779846191406,58.8,-3.8571453094482417,3.55817985534668,5.255409794393927,-3.8571453094482417,3.55817985534668,-50.0,0.0,0.0,0.0,0.0,0.0,0.0,0.0,0.0,0.0,0.0,0.0,0.0655,0.39,240.0,20.0,-10.0,11.0,-5.5,1960.0,-30.0,27.32783710956573,0.0,0.0,0.0,0.0,--,--,--,--,--,305.5,380.20000000000016,396.5,50.87548725685338,496.993408203125,785.0,55.5,88.2,122.0,32.2,-9.706865310668944,5.193960189819336,-2.7910194396972656,-9.071842193603516,-7.461784362792969,-2.038520812988281,4803.46015625,3.0,57500.0,4800.0,3.0,57500.0,6280.0,7760.0,-4.800000000000002,1610.0
23,0,2019,9,13,-10.0,-999.0,0.0,27800.0,-10.0,-10.0,-10.0,6.136289514601233,0.4578361511230469,7.1927452087402335,-7.6584205627441415,1.9838180541992188,5908.66796875,266.07733154296875,244.99978637695312,-12.482799530029295,0.09148025512695312,3206.785400390625,281.40191650390625,254.18728637695312,-12.11832046508789,-4.0798397064208975,1575.1566162109375,292.49310302734375,282.2497863769531,-8.983793258666992,-8.255702972412111,298.6829528808594,286.343994140625,-6.882425308227539,-4.4291648864746085,301.6031494140625,293.8824462890625,-4.17513370513916,2.909608840942384,0.0,-0.02734231948852539,0.004344463348388672,101681.0,147.08082823455334,0.0,0.0,0.0,0.0,0.0,0.0,0.0,0.0,0.0,0.0,0.0,0.0,0.0,0.0,-3.864540100097656,2.8638572692871094,101650.0,2.4952545166015625,305.2850036621094,0.0,5.6000000000000005,0.0,0.0,0.0,0.0,303.61407470703125,302.1823425292969,0.01616,294.9945373535156,61.6,-3.0225086212158203,2.5249595642089844,3.945503964088857,-3.0225086212158203,2.5249595642089844,-50.0,0.0,0.0,0.0,0.0,0.0,0.0,0.0,0.0,0.0,0.0,0.0,0.0655,0.29,70.0,10.0,40.0,11.0,-5.300000000000002,1850.0,-50.0,28.800462245941162,0.0,0.0,0.0,0.0,--,--,--,--,--,300.2,152.3,394.4,20.375,468.0549621582031,558.0,40.1,50.1,130.0,39.1,-10.116878509521484,4.565662384033203,-4.255481719970703,-8.304620742797853,-8.005718231201174,-2.10879135131836,4840.2784375,7.0,57200.0,4840.0,7.0,57200.0,6290.0,7950.0,-4.6000000000000005,1500.0
