Hour,Minute,Year,Month,Date,ATT1,ATT2,ATT3,ATT4,ATT5,ATT6,ATT7,ATT8,ATT9,ATT10,ATT11,ATT12,ATT13,ATT14,ATT15,ATT16,ATT17,ATT18,ATT19,ATT20,ATT21,ATT22,ATT23,ATT24,ATT25,ATT26,ATT27,ATT28,ATT29,ATT30,ATT31,ATT32,ATT33,ATT34,ATT35,ATT36,ATT37,ATT38,ATT39,ATT40,ATT41,ATT42,ATT43,ATT44,ATT45,ATT46,ATT47,ATT48,ATT49,ATT50,ATT51,ATT52,ATT53,ATT54,ATT55,ATT56,ATT57,ATT58,ATT59,ATT60,ATT61,ATT62,ATT63,ATT64,ATT65,ATT66,ATT67,ATT68,ATT69,ATT70,ATT71,ATT72,ATT73,ATT74,ATT75,ATT76,ATT77,ATT78,ATT79,ATT80,ATT81,ATT82,ATT83,ATT84,ATT85,ATT86,ATT87,ATT88,ATT89,ATT90,ATT91,ATT92,ATT93,ATT94,ATT95,ATT96,ATT97,ATT98,ATT99,ATT100,ATT101,ATT102,ATT103,ATT104,ATT105,ATT106,ATT107,ATT108,ATT109,ATT110,ATT111,ATT112,ATT113,ATT114,ATT115,ATT116,ATT117,ATT118,ATT119,ATT120,ATT121,ATT122,ATT123,ATT124,ATT125,ATT126,ATT127,ATT128,ATT129,ATT130,ATT131,ATT132
0,0,2020,11,7,-10.0,-999.0,0.0,47000.0,-10.0,-10.0,-10.0,1.9366412721574304,-19.524883270263672,-8.917976379394531,-15.657176971435547,-5.9403839111328125,5859.7607421875,261.60791015625,236.99978637695312,-8.968631744384766,-1.5938568115234375,3193.3720703125,279.29580688476557,244.12478637695312,-4.1949520111083975,1.1438217163085938,1586.3521728515625,285.7152404785156,268.18728637695307,-2.142173767089844,3.830894470214844,289.3981628417969,273.68728637695307,-1.2019805908203125,0.5101184844970703,293.73846435546875,276.37478637695307,1.3409032821655271,-1.1965484619140625,0.0,0.008464813232421875,-0.014061689376831056,102369.0,204.77117919921875,0.0,0.0,0.0,0.0,0.0,0.0,0.0,0.0,0.0,0.0,0.0,0.0,0.0,0.0,1.215616226196289,-1.2459659576416016,97850.0,394.5265045166016,284.7011260986328,0.0,0.0,0.0,0.0,0.0,0.0,286.3995056152344,288.16162109375,0.004770000000000001,275.98373413085943,41.0,1.3789043426513672,-1.1824913024902344,1.756189103703946,1.3789043426513672,-1.1824913024902344,-50.0,0.0,0.0,0.0,0.0,0.0,0.0,0.0,0.0,0.0,0.0,0.0,0.3932,0.05,-10.0,0.0,60.0,14.0,13.7,0.0,0.0,10.001102060079576,0.0,0.0,0.0,0.0,--,--,--,--,--,272.0,0.0,292.7,0.0,342.6327667236328,0.0,0.0,0.0,30.0,22.0,-3.4785385131835938,8.032318115234375,-3.901728630065918,5.143266677856445,-10.5650634765625,-1.6822547912597656,4194.4,14.0,61900.0,4190.0,14.0,61800.0,5650.0,6960.0,10.7,0.0
1,0,2020,11,7,-10.0,-999.0,0.0,41200.0,-10.0,-10.0,-10.0,1.6537863537669182,-19.383716583251953,-8.590286254882812,-14.906417846679688,-6.805397033691406,5861.40869140625,261.5328369140625,238.43728637695312,-8.809154510498047,-1.1105842590332031,3195.158935546875,279.72174072265625,243.18728637695312,-3.7106046676635738,2.068201065063477,1585.9327392578125,286.24884033203125,268.06228637695307,-2.3342514038085938,4.2005252838134775,289.2745056152344,273.74978637695307,-1.8587989807128904,0.6699638366699219,292.6927490234375,276.87478637695307,0.8729190826416016,-1.1659584045410156,0.0,0.004499912261962891,0.0165560245513916,102362.0,204.369140625,0.0,0.0,0.0,0.0,0.0,0.0,0.0,0.0,0.0,0.0,0.0,0.0,0.0,0.0,0.3431415557861328,-1.510589599609375,97840.0,394.5265045166016,282.414794921875,0.0,0.0,0.0,0.0,0.0,0.0,284.3536682128906,286.1365661621094,0.004860000000000001,276.24815368652344,46.3,0.7321319580078125,-1.2189922332763672,1.4429088355973363,0.7321319580078125,-1.2189922332763672,-50.0,0.0,0.0,0.0,0.0,0.0,0.0,0.0,0.0,0.0,0.0,0.0,0.3923,0.04,-7.0,0.0,59.0,14.0,14.6,0.0,0.0,10.101606726646423,0.0,0.0,0.0,0.0,--,--,--,--,--,269.2,0.0,289.6,0.0,331.84861755371094,0.0,0.0,0.0,26.0,24.0,-3.4547557830810547,8.454216003417969,-3.4339637756347656,5.663972854614258,-9.656198501586914,-1.1226234436035156,4191.04,14.0,62000.0,4190.0,14.0,61900.0,5640.0,6970.0,10.4,0.0
2,0,2020,11,7,-10.0,-999.0,0.0,35600.0,-10.0,-10.0,-10.0,1.4832232780754566,-18.41322326660156,-7.872871398925781,-13.108268737792967,-6.1667327880859375,5862.1142578125,261.60244750976557,239.74978637695312,-8.411903381347656,-1.00091552734375,3194.825927734375,279.8128662109375,243.93728637695312,-3.7163314819335938,2.064292907714844,1585.71142578125,286.2847900390625,267.62478637695307,-3.3449440002441406,4.787940979003906,289.2969055175781,273.81228637695307,-2.8661212921142583,1.1131725311279297,291.5841369628906,277.56228637695307,0.944382667541504,-0.8079986572265625,0.0,0.021186351776123047,0.008824348449707031,102363.0,204.53014373779297,0.0,0.0,0.0,0.0,0.0,0.0,0.0,0.0,0.0,0.0,0.0,0.0,0.0,0.0,0.05244064331054688,-1.3972663879394531,97840.0,394.5265045166016,281.0435028076172,0.0,0.0,0.0,0.0,0.0,0.0,282.93792724609375,284.7330322265625,0.005,276.62478637695307,52.1,0.8253927230834961,-1.1194572448730469,1.3775627755094322,0.8253927230834961,-1.1194572448730469,-50.0,0.0,0.0,0.0,0.0,0.0,0.0,0.0,0.0,0.0,0.0,0.0,0.3923,0.04,-6.0,0.0,50.0,14.0,15.4,0.0,0.0,10.167969703674316,0.0,0.0,0.0,0.0,--,--,--,--,--,266.3,0.0,286.8,0.0,325.3023223876953,0.0,0.0,0.0,35.0,36.0,-4.2609615325927725,8.608070373535156,-4.6848182678222665,6.237863540649414,-8.764432907104492,-1.3297767639160156,4208.480000000001,14.0,61900.0,4210.0,14.0,61700.0,5650.0,6980.0,10.7,0.0
3,0,2020,11,7,-10.0,-999.0,0.0,32300.0,-10.0,-10.0,-10.0,1.8824282884597776,-18.41317367553711,-6.436775207519531,-14.41665267944336,-5.991455078125,5865.5419921875,261.9443359375,240.43728637695312,-8.459972381591799,-0.3991851806640625,3196.50830078125,279.95150756835943,245.49978637695312,-4.2141523361206055,1.4801578521728516,1587.5673828125,286.0482482910156,267.7131805419922,-3.413028717041016,5.145376205444336,289.33905029296875,274.02487182617193,-2.9493198394775386,1.4166526794433594,290.9005126953125,277.8577880859375,1.185712814331055,-1.090801239013672,0.0,0.0249176025390625,0.02287840843200684,102393.0,207.1444854736328,0.0,0.0,0.0,0.0,0.0,0.0,0.0,0.0,0.0,0.0,0.0,0.0,0.0,0.0,0.2934112548828125,-1.6364021301269531,97870.0,394.5265045166016,279.85269165039057,0.0,0.0,0.0,0.0,0.0,0.0,281.9145812988281,283.6603088378906,0.00506,276.805404663086,56.0,1.1645174026489258,-1.3905143737792969,1.8143342221155765,1.1645174026489258,-1.3905143737792969,-50.0,0.0,0.0,0.0,0.0,0.0,0.0,0.0,0.0,0.0,0.0,0.0,0.3923,0.05,-9.0,0.0,49.0,14.0,16.400000000000002,0.0,0.0,10.273961842060087,0.0,0.0,0.0,0.0,--,--,--,--,--,264.6,0.0,285.2,0.0,320.0648956298828,0.0,0.0,0.0,44.0,43.0,-3.972118377685547,8.691999435424805,-5.3591575622558585,6.8355655670166025,-8.562620162963867,-0.7856788635253906,4224.96,14.0,61700.0,4230.0,14.0,61600.0,5690.0,7040.0,11.1,0.0
4,0,2020,11,7,-10.0,-999.0,0.0,30500.0,-10.0,-10.0,-10.0,1.934036709368229,-17.521236419677734,-4.2899932861328125,-13.288162231445312,-5.824264526367188,5870.6064453125,262.23690795898443,240.49978637695312,-8.005729675292969,0.7005805969238281,3198.46826171875,280.24237060546875,245.31228637695312,-4.217948913574219,1.9191093444824217,1588.8460693359375,285.91009521484375,268.8464813232422,-3.0483856201171875,5.881015777587893,289.4945068359375,274.48965454101557,-3.2497291564941406,1.5711040496826172,290.5853576660156,278.1842041015625,0.6176548004150391,-1.11968994140625,0.0,-0.012745857238769531,-0.010974884033203123,102405.0,208.3765869140625,0.0,0.0,0.0,0.0,0.0,0.0,0.0,0.0,0.0,0.0,0.0,0.0,0.0,0.0,-0.18803787231445312,-1.7817611694335938,97880.0,394.5265045166016,279.108139038086,0.0,0.0,0.0,0.0,0.0,0.0,281.24520874023443,282.98577880859375,0.00506,276.78988647460943,58.3,0.6286287307739258,-1.5730819702148438,1.688979916041717,0.6286287307739258,-1.5730819702148438,-50.0,0.0,0.0,0.0,0.0,0.0,0.0,0.0,0.0,0.0,0.0,0.0,0.3923,0.04,-8.0,0.0,40.0,14.0,17.1,0.0,0.0,10.499162971973421,0.0,0.0,0.0,0.0,--,--,--,--,--,263.90000000000003,0.0,285.5,0.0,316.5071716308594,0.0,0.0,0.0,50.0,48.0,-3.0539913177490234,9.18328857421875,-4.5260658264160165,7.547128677368164,-7.741128921508789,0.246368408203125,4272.64,13.0,61400.0,4270.0,13.0,61300.0,5740.0,7080.0,10.9,0.0
5,0,2020,11,7,-10.0,-999.0,0.0,29100.0,-10.0,-10.0,-10.0,2.0209708847105503,-17.273876190185547,-3.3568878173828125,-13.69940185546875,-5.851142883300781,5871.2998046875,262.2138061523437,241.56228637695312,-7.0451202392578125,0.3713340759277344,3198.212158203125,280.44662475585943,247.56228637695312,-4.423236846923828,1.5321769714355469,1588.3709716796875,285.6323547363281,270.10626220703125,-2.273357391357422,5.92601203918457,289.4714050292969,274.58523559570307,-3.928031921386719,1.4467010498046875,289.9990234375,278.3202667236328,-0.3006181716918945,-0.9136333465576172,0.0,0.030449390411376964,-0.0043947696685791016,102403.0,208.36997985839844,0.0,0.0,0.0,0.0,0.0,0.0,0.0,0.0,0.0,0.0,0.0,0.0,0.0,0.0,-1.634164810180664,-1.6293315887451172,97880.0,394.5265045166016,278.800048828125,0.0,0.0,0.0,0.0,0.0,0.0,280.85238647460943,282.6302490234375,0.0050799999999999994,276.88511657714844,60.2,-0.7728309631347656,-1.5394363403320312,1.6919939066283405,-0.7728309631347656,-1.5394363403320312,-50.0,0.0,0.0,0.0,0.0,0.0,0.0,0.0,0.0,0.0,0.0,0.0,0.37799999999999995,0.04,-8.0,0.0,33.0,14.0,17.400000000000002,0.0,0.0,10.863892197608948,0.0,0.0,0.0,0.0,--,--,--,--,--,262.8,0.0,285.3,0.0,315.1585998535156,0.0,0.0,0.0,48.0,37.0,-3.035114288330078,8.922126770019531,-2.4543991088867188,7.588705062866211,-5.64262580871582,0.3005867004394531,4292.96,12.0,61200.0,4290.0,12.0,61100.0,5740.0,7100.0,10.9,0.0
6,0,2020,11,7,-10.0,-999.0,0.0,27900.0,-10.0,-10.0,-10.0,2.493672337383032,-16.10989761352539,-1.7491607666015625,-12.306144714355467,-4.5513458251953125,5866.52685546875,262.07449340820307,239.62478637695312,-6.599138259887695,1.2828140258789062,3195.770751953125,280.20883178710943,248.56228637695312,-4.0327110290527335,1.8111515045166016,1586.097900390625,285.5055847167969,270.8391265869141,-1.5945892333984375,5.973556518554688,289.4342041015625,274.6751708984375,-4.479999542236328,2.248188018798828,289.4072265625,278.34353637695307,-0.8359737396240234,-0.5132865905761719,0.0,0.008702278137207031,-0.006422758102416992,102388.0,206.9098358154297,0.0,0.0,0.0,0.0,0.0,0.0,0.0,0.0,0.0,0.0,0.0,0.0,0.0,0.0,-2.8810100555419917,-1.0085296630859375,97860.0,394.5265045166016,278.3793334960937,0.0,0.0,0.0,0.0,0.0,0.0,280.3658905029297,282.16619873046875,0.0050100000000000006,276.704833984375,61.90000000000001,-1.7548236846923828,-1.1074237823486328,2.06443514325656,-1.7548236846923828,-1.1074237823486328,-50.0,0.0,0.0,0.0,0.0,0.0,0.0,0.0,0.0,0.0,0.0,0.0,0.37799999999999995,0.05,-9.0,0.0,27.0,14.0,17.8,0.0,0.0,10.842547118663788,0.0,0.0,0.0,0.0,--,--,--,--,--,262.0,0.0,284.3,0.0,313.16358947753906,0.0,0.0,0.0,46.0,40.0,-1.5727462768554688,9.067970275878906,-0.6578922271728516,7.552165985107423,-3.963935852050781,1.0785903930664062,4254.72,11.0,61500.0,4250.0,11.0,61400.0,5710.0,7080.0,10.4,0.0
7,0,2020,11,7,-10.0,-999.0,0.0,28200.0,-10.0,-10.0,-10.0,1.8609561994671824,-15.81438446044922,-2.007232666015625,-12.54412078857422,-4.253921508789063,5859.21826171875,261.78878784179693,238.81228637695312,-6.1477012634277335,1.5583419799804688,3191.60498046875,279.88302612304693,249.56228637695312,-3.399154663085937,1.9245147705078125,1583.148193359375,285.40899658203125,270.5973358154297,-0.5890693664550781,5.87806510925293,289.5469970703125,274.5910186767578,-3.63459587097168,3.7031345367431636,288.71405029296875,278.33917236328125,-0.6110086441040039,0.4055881500244141,0.0,-0.01810884475708008,-0.01333332061767578,102362.0,204.4107208251953,0.0,0.0,0.0,0.0,0.0,0.0,0.0,0.0,0.0,0.0,0.0,0.0,0.0,0.0,-2.576374053955078,0.4580879211425781,97830.0,394.5265045166016,277.9879302978516,0.0,0.0,0.0,0.0,0.0,0.0,279.9752960205078,281.7881774902344,0.00485,276.19503784179693,61.40000000000001,-1.451946258544922,0.31851768493652344,1.5018950114026666,-1.451946258544922,0.31851768493652344,-50.0,0.0,0.0,0.0,0.0,0.0,0.0,0.0,0.0,0.0,0.0,0.0,0.37799999999999995,0.04,-7.0,0.0,19.0,14.0,18.1,0.0,0.0,10.81262794137001,0.0,0.0,0.0,0.0,--,--,--,--,--,261.0,0.0,283.0,0.0,311.5567626953125,0.0,0.0,0.0,36.0,17.0,-2.738471984863281,9.988883972167967,0.2924995422363281,6.154935836791992,-3.8786468505859375,0.14556121826171875,4197.92,11.0,61900.0,4200.0,11.0,61800.0,5670.0,7020.0,10.2,0.0
8,0,2020,11,7,-10.0,-999.0,0.0,25400.0,-10.0,-10.0,-10.0,1.7797998692840338,-14.617683410644533,-2.0998458862304688,-12.178718566894533,-3.839630126953125,5863.2490234375,262.04425048828125,238.37478637695312,-6.0110816955566415,1.6079635620117188,3193.779541015625,280.08120727539057,249.18728637695312,-3.2759265899658203,1.6559410095214844,1584.125244140625,285.8104553222656,269.4579925537109,-0.04728126525878906,5.211090087890625,289.624755859375,275.27896118164057,-2.088214874267578,4.440040588378906,288.38641357421875,279.03042602539057,-0.2339420318603516,0.7850131988525391,0.0,-0.04115104675292969,-0.028344392776489258,102362.0,204.5362777709961,0.0,0.0,0.0,0.0,0.0,0.0,0.0,0.0,0.0,0.0,0.0,0.0,0.0,0.0,-1.8060874938964844,1.5061302185058594,97830.0,394.5265045166016,277.2957305908203,0.0,0.0,0.0,0.0,0.0,0.0,279.293197631836,281.04574584960943,0.00496,276.49978637695307,65.7,-0.6480798721313477,1.3027076721191406,1.440057044615969,-0.6480798721313477,1.3027076721191406,-50.0,0.0,0.0,0.0,0.0,0.0,0.0,0.0,0.0,0.0,0.0,0.0,0.37799999999999995,0.04,-7.0,0.0,29.0,14.0,18.7,0.0,0.0,10.630704402923584,0.0,0.0,0.0,0.0,--,--,--,--,--,260.90000000000003,0.0,281.6,0.0,308.3460693359375,0.0,0.0,0.0,30.0,2.6,-3.177574157714844,10.119953155517578,0.36153411865234375,4.383468627929688,-4.7870750427246085,-0.4517669677734375,4230.72,12.0,61700.0,4230.0,12.0,61600.0,5700.0,7060.0,10.2,0.0
9,0,2020,11,7,-10.0,-999.0,0.0,23500.0,-10.0,-10.0,-10.0,2.040068808943033,-13.911827087402346,-2.735687255859375,-11.632343292236328,-3.4593582153320312,5860.962890625,261.88531494140625,237.87478637695312,-5.678478240966798,1.8592529296875,3192.7060546875,280.02548217773443,248.81228637695312,-3.7676715850830083,1.6274490356445312,1583.1439208984375,285.9920654296875,269.0578765869141,0.2373504638671875,4.514936447143555,289.6959228515625,275.8189697265625,-0.5405349731445312,4.4678077697753915,287.7220764160156,279.42672729492193,0.2456960678100586,1.0759830474853516,0.0,-0.0218658447265625,0.010274648666381836,102346.0,203.17237854003903,0.0,0.0,0.0,0.0,0.0,0.0,0.0,0.0,0.0,0.0,0.0,0.0,0.0,0.0,-0.6629238128662109,2.1303653717041016,97820.0,394.5265045166016,276.55967712402344,0.0,0.0,0.0,0.0,0.0,0.0,278.56179809570307,280.34664916992193,0.004920000000000001,276.4255523681641,68.7,0.11699295043945312,1.8799285888671875,1.876486863009632,0.11699295043945312,1.8799285888671875,-50.0,0.0,0.0,0.0,0.0,0.0,0.0,0.0,0.0,0.0,0.0,0.0,0.37799999999999995,0.05,-9.0,0.0,30.0,14.0,19.200000000000006,0.0,0.0,10.692436397075651,0.0,0.0,0.0,0.0,--,--,--,--,--,260.2,0.0,280.2,0.0,305.21429443359375,0.0,0.0,0.0,31.0,-3.0,-2.5369949340820312,10.179691314697266,0.153411865234375,2.9450912475585938,-5.572517395019531,-0.3993453979492188,4214.0,11.0,61800.0,4210.0,11.0,61700.0,5670.0,7030.0,9.6,0.0
10,0,2020,11,7,-10.0,-999.0,0.0,19600.0,-10.0,-10.0,-10.0,2.9266838505864143,-14.407207489013672,-4.7938079833984375,-12.525749206542967,-4.9735107421875,5867.75732421875,262.59820556640625,237.62478637695312,-6.222137451171875,1.9331130981445312,3195.173095703125,280.4779663085937,248.74978637695312,-4.582660675048828,2.082828521728516,1584.186279296875,285.67071533203125,269.31228637695307,1.2257728576660156,3.230998992919922,289.20196533203125,276.24978637695307,0.6191158294677734,3.4243144989013667,286.16302490234375,280.68728637695307,0.6169748306274414,1.1465072631835938,0.0,-0.017401695251464844,-0.027659177780151367,102381.0,206.46255111694336,0.0,0.0,0.0,0.0,0.0,0.0,0.0,0.0,0.0,0.0,0.0,0.0,0.0,0.0,0.7627944946289062,3.2270240783691406,97860.0,394.5265045166016,276.01251220703125,0.0,0.0,0.0,0.0,0.0,0.0,277.9386138916016,279.67233276367193,0.005090000000000001,276.9264068603516,75.9,0.8054618835449219,2.175313949584961,2.314720310736448,0.8054618835449219,2.175313949584961,-50.0,0.0,0.0,0.0,0.0,0.0,0.0,0.0,0.0,0.0,0.0,0.0,0.37799999999999995,0.06,-10.0,-2.0,32.0,14.0,20.3,0.0,0.0,11.136789798736572,0.0,0.0,0.0,0.0,--,--,--,--,--,258.8,0.0,278.0,0.0,302.88816833496094,0.0,0.0,0.0,36.0,-8.0,-1.6462020874023438,10.059202194213867,0.8933963775634766,1.1934566497802734,-7.0478553771972665,-0.07535934448242188,4265.440000000001,15.0,61400.0,4270.0,15.0,61300.0,5770.0,7160.0,10.4,0.0
11,0,2020,11,7,-10.0,-999.0,0.0,19600.0,-10.0,-10.0,-10.0,2.8782968521118164,-14.14849090576172,-2.023643493652344,-12.198963165283205,-2.6079864501953125,5868.9677734375,262.4605712890625,236.87478637695312,-6.776100158691406,1.647064208984375,3196.488037109375,280.37799072265625,250.18728637695312,-4.74061393737793,1.9028282165527344,1587.161376953125,285.16485595703125,270.31228637695307,2.2091941833496094,1.8962936401367188,289.2353210449219,276.12478637695307,1.1580848693847656,2.409652709960937,286.1935729980469,280.93728637695307,0.5045585632324219,1.3422908782958984,0.0,-0.017400741577148438,0.014893531799316406,102425.0,210.16748046875,0.0,0.0,0.0,0.0,0.0,0.0,0.0,0.0,0.0,0.0,0.0,0.0,0.0,0.0,0.8782672882080078,2.98249626159668,97900.0,394.5265045166016,275.9151611328125,0.0,0.2,0.0,0.0,0.0,0.0,277.887924194336,279.57061767578125,0.0051400000000000005,277.06228637695307,75.9,0.7185077667236328,2.258218765258789,2.376547895604745,0.7185077667236328,2.258218765258789,-50.0,0.0,0.0,0.0,0.0,0.0,0.0,0.0,0.0,0.0,0.0,0.0,0.37799999999999995,0.06,-11.0,-2.0,30.0,14.0,20.0,0.0,0.0,11.46232134103775,0.0,0.0,0.0,0.0,--,--,--,--,--,258.40000000000003,0.0,278.90000000000003,0.0,302.2427215576172,0.0,0.0,0.0,40.0,-13.0,-1.4881858825683594,9.501106262207033,2.113393783569336,-0.6048011779785156,-7.432964324951173,-0.088043212890625,4286.56,14.0,61300.0,4290.0,14.0,61200.0,5750.0,7120.0,10.3,0.0
12,0,2020,11,7,-10.0,-999.0,0.0,18700.0,-10.0,-10.0,-10.0,2.437509670853616,-13.583599090576172,-1.2176132202148438,-11.205509185791016,-2.4956512451171875,5868.69775390625,262.45913696289057,236.37478637695312,-5.2529869079589835,1.0947799682617188,3196.3525390625,279.90988159179693,250.68728637695312,-3.7863483428955083,2.1617565155029297,1589.346435546875,284.95196533203125,271.43728637695307,2.846080780029297,1.2778358459472656,289.031005859375,275.97073364257807,2.1698760986328125,1.1781158447265625,286.0711669921875,281.22958374023443,0.6275577545166016,1.060811996459961,0.0,-0.027639389038085938,0.017925739288330078,102467.0,213.4284210205078,0.0,0.0,0.0,0.0,0.0,0.0,0.0,0.0,0.0,0.0,0.0,0.0,0.0,0.0,1.1400833129882812,2.1713428497314453,97930.0,394.5265045166016,275.7154083251953,0.0,0.30000000000000004,0.0,0.0,0.0,0.0,277.6734161376953,279.38339233398443,0.005200000000000001,277.245849609375,77.80000000000003,0.8156452178955078,1.9047203063964844,2.064989428035915,0.8156452178955078,1.9047203063964844,-50.0,0.0,0.0,0.0,0.0,0.0,0.0,0.0,0.0,0.0,0.0,0.0,0.37799999999999995,0.05,-9.0,-2.0,30.0,14.0,20.0,0.0,0.0,11.722160160541534,0.0,0.0,0.0,0.0,--,--,--,--,--,258.1,0.0,279.1,0.0,301.41497802734375,0.0,0.0,0.0,26.0,-18.0,-0.6704559326171875,9.073722839355467,2.6066246032714844,-1.170637130737305,-6.144187927246094,-0.025760650634765625,4288.24,12.0,61300.0,4290.0,12.0,61100.0,5750.0,7110.0,10.5,0.0
13,0,2020,11,7,-10.0,-999.0,0.0,15900.0,-10.0,-10.0,-10.0,2.5492712147533894,-13.218032836914062,-0.29993438720703125,-11.674659729003904,-1.51348876953125,5874.40234375,262.4850616455078,235.68728637695312,-5.711647033691406,1.4040412902832031,3202.138671875,279.790283203125,250.74978637695312,-3.359355926513672,2.949565887451172,1595.90087890625,284.9162292480469,271.81228637695307,2.9724216461181636,1.6330108642578125,289.0168762207031,275.58560180664057,2.3409576416015625,0.4867877960205078,285.1089172363281,281.427734375,0.219635009765625,0.7554817199707031,0.0,-0.04805755615234375,-0.026069164276123047,102553.0,220.76060485839844,0.0,0.0,0.0,0.0,0.0,0.0,0.0,0.0,0.0,0.0,0.0,0.0,0.0,0.0,0.5254154205322266,2.4567947387695312,98010.0,394.5265045166016,279.0565185546875,0.0,0.4,0.0,0.0,0.0,0.0,279.31866455078125,280.95034790039057,0.00519,277.21343994140625,84.4,0.2422151565551757,1.7061538696289062,1.7517165663884953,0.2422151565551757,1.7061538696289062,-50.0,0.0,0.0,0.0,0.0,0.0,0.0,0.0,0.0,0.0,0.0,0.0,0.37799999999999995,0.07,-2.0,0.0,-40.0,14.0,21.1,0.0,0.0,11.812193810939787,0.0,0.0,0.0,0.0,--,--,--,--,--,262.0,116.5,276.90000000000003,11.75,316.4019317626953,620.0,29.4,46.1,9.0,-24.6,-0.4286766052246094,9.35938835144043,3.0746250152587886,-1.0695056915283203,-6.286907196044923,0.23166656494140625,4299.2,12.0,61200.0,4300.0,12.0,61100.0,5760.0,7100.0,10.6,0.0
14,0,2020,11,7,-10.0,-999.0,0.0,18400.0,-10.0,-10.0,-10.0,2.643881756812334,-13.045318603515625,0.8846054077148438,-11.453758239746096,-0.6937408447265625,5877.32763671875,262.58657836914057,234.31228637695312,-5.224090576171875,1.5983772277832031,3203.90576171875,279.736083984375,251.12478637695312,-2.8051528930664062,2.926300048828125,1598.540771484375,284.4932861328125,274.43728637695307,2.4906330108642583,2.045234680175781,288.83941650390625,275.78805541992193,2.088998794555664,0.41434478759765625,285.5521240234375,282.0898742675781,0.11606407165527345,0.9981842041015624,0.0,-0.023485183715820312,-0.01526498794555664,102588.0,223.85230255126962,0.0,0.0,0.0,0.0,0.0,0.0,0.0,0.0,0.0,0.0,0.0,0.0,0.0,0.0,0.2828998565673828,2.633615493774414,98050.0,394.5265045166016,286.3931121826172,0.0,0.4,0.0,0.0,0.0,0.0,284.1136932373047,285.72821044921875,0.0063100000000000005,279.9979858398437,76.3,0.11124324798583984,1.6772689819335938,1.6885721548460424,0.11124324798583984,1.6772689819335938,-50.0,0.0,0.0,0.0,0.0,0.0,0.0,0.0,0.0,0.0,0.0,0.0,0.37799999999999995,0.15,59.0,10.0,-90.0,14.0,15.7,0.0,0.0,12.951389610767365,0.0,0.0,0.0,0.0,--,--,--,--,--,272.8,296.7,286.4000000000001,29.75,351.0885772705078,817.0,45.7,72.60000000000002,10.0,-20.9,-0.269012451171875,9.558917999267578,2.490406036376953,-0.4519023895263672,-5.674293518066406,0.32831573486328125,4321.92,10.0,61100.0,4320.0,10.0,60900.0,5780.0,7070.0,9.7,0.0
15,0,2020,11,7,-10.0,-999.0,0.0,27800.0,-10.0,-10.0,-10.0,1.8491765782237053,-12.124656677246096,0.89678955078125,-11.61064910888672,0.28897857666015625,5881.7509765625,262.80471801757807,233.81228637695312,-5.7016334533691415,2.138885498046875,3207.467529296875,279.79074096679693,251.31228637695312,-2.657173156738281,3.3899211883544917,1600.6619873046875,284.6322021484375,275.43728637695307,2.137430191040039,2.614269256591797,289.079833984375,275.3307647705078,1.6841888427734375,0.19185638427734367,289.0655212402344,282.0303039550781,0.05424213409423828,0.993488311767578,0.0,0.01092529296875,0.02469348907470703,102585.0,223.5816650390625,0.0,0.0,0.0,0.0,0.0,0.0,0.0,0.0,0.0,0.0,0.0,0.0,0.0,0.0,0.19190216064453125,1.8292655944824217,98050.0,394.5265045166016,293.69200134277344,0.0,0.4,0.0,0.0,0.0,0.0,288.3074645996094,289.9169616699219,0.006640000000000001,280.7287750244141,60.6,0.20635223388671875,1.5110855102539062,1.5677594938315451,0.20635223388671875,1.5110855102539062,-50.0,0.0,0.0,0.0,0.0,0.0,0.0,0.0,0.0,0.0,0.0,0.0,0.37799999999999995,0.15,171.0,30.0,-140.0,14.0,12.2,0.0,0.0,13.284345388412476,0.0,0.0,0.0,0.0,--,--,--,--,--,282.1,451.20000000000016,296.6,45.375,388.2055969238281,902.0,53.8,89.7,11.0,-17.5,0.5215606689453125,9.617244720458984,1.8877525329589844,0.09356117248535156,-5.86199951171875,1.104717254638672,4325.92,10.0,61100.0,4330.0,10.0,60900.0,5810.0,7100.0,9.1,0.0
16,0,2020,11,7,-10.0,-999.0,0.0,38800.0,-10.0,-10.0,-10.0,1.601060837507248,-12.421018600463867,1.4466781616210938,-11.682989120483398,1.5837860107421875,5879.240234375,262.4454498291016,231.9841766357422,-5.62347412109375,2.878997802734375,3208.3115234375,279.591796875,251.31228637695312,-1.770185470581055,4.0362510681152335,1601.644287109375,284.6361389160156,276.68728637695307,2.663751602172852,3.6496448516845694,289.014892578125,275.8940887451172,1.3140239715576172,0.7150039672851562,292.3023681640625,281.5202331542969,0.014957427978515625,0.8370246887207031,0.0,-0.011894702911376951,-0.030548810958862305,102574.0,222.5076141357422,0.0,0.0,0.0,0.0,0.0,0.0,0.0,0.0,0.0,0.0,0.0,0.0,0.0,0.0,0.108123779296875,1.4791316986083984,98050.0,394.5265045166016,298.778564453125,0.0,0.4,0.0,0.0,0.0,0.0,291.7321014404297,293.3843688964844,0.0064800000000000005,280.4049835205078,47.5,0.10845375061035156,1.261423110961914,1.2532913533505052,0.10845375061035156,1.261423110961914,-50.0,0.0,0.0,0.0,0.0,0.0,0.0,0.0,0.0,0.0,0.0,0.0,0.37799999999999995,0.14,235.0,55.0,-131.0,14.0,9.8,0.0,0.0,13.824026346206665,0.0,0.0,0.0,0.0,--,--,--,--,--,291.9000000000001,558.1,307.4000000000001,56.125,415.6897430419922,940.0,58.3,100.1,5.0,-20.5,1.6526432037353516,10.03398895263672,2.289508819580078,1.390289306640625,-5.625823974609375,1.706134796142578,4284.24,10.0,61400.0,4280.0,10.0,61300.0,5760.0,7070.0,8.0,0.0
17,0,2020,11,7,-10.0,-999.0,0.0,48500.0,-10.0,-10.0,-10.0,1.7187855467200281,-13.711116790771484,1.9181137084960933,-13.001461029052734,2.9875030517578125,5875.775390625,262.5952911376953,231.37478637695312,-6.548675537109375,2.854400634765625,3205.7744140625,279.4453125,251.43728637695312,-1.324310302734375,4.116474151611328,1598.455810546875,284.7590637207031,277.56228637695307,2.6636791229248047,3.6089096069335938,288.9814758300781,277.2713165283203,0.5350189208984375,0.4114341735839844,294.8021240234375,280.70919799804693,0.008024215698242188,0.3726234436035156,0.0,-0.013604164123535156,-0.009129524230957031,102504.0,216.45076751708984,0.0,0.0,0.0,0.0,0.0,0.0,0.0,0.0,0.0,0.0,0.0,0.0,0.0,0.0,0.04819488525390625,0.8365879058837891,97980.0,394.5265045166016,302.103515625,0.0,0.2,0.0,0.0,0.0,0.0,294.2469787597656,295.9832763671875,0.006200000000000001,279.7390899658203,38.90000000000001,0.07776641845703125,0.7041778564453125,0.7521138892043382,0.07776641845703125,0.7041778564453125,-50.0,0.0,0.0,0.0,0.0,0.0,0.0,0.0,0.0,0.0,0.0,0.0,0.37799999999999995,0.1,189.0,53.0,-120.0,14.0,8.700000000000001,0.0,0.0,14.40975660085678,0.0,0.0,0.0,0.0,--,--,--,--,--,297.4000000000001,607.2,316.2000000000001,61.0061153038405,434.5072784423828,952.0,60.6,104.3,1.4,-19.1,1.85232162475586,9.686542510986328,2.247699737548828,1.7420597076416016,-6.5087318420410165,2.2596969604492188,4256.32,11.0,61600.0,4260.0,11.0,61500.0,5770.0,7140.0,7.2,0.0
18,0,2020,11,7,-10.0,-999.0,0.0,50700.0,-10.0,-10.0,-10.0,3.053816296160221,-13.904542922973633,2.6375274658203125,-12.727066040039062,4.1510162353515625,5866.3818359375,262.54263305664057,230.31228637695312,-6.522712707519531,3.210731506347656,3198.31787109375,279.05816650390625,252.31228637695312,-0.8812007904052734,4.452545166015625,1591.4637451171875,284.96533203125,276.93728637695307,3.11541748046875,3.4969158172607417,289.75726318359375,278.292984008789,0.73797607421875,0.5130081176757812,296.13873291015625,281.214584350586,0.3886909484863281,0.33921051025390625,0.0,-0.010797500610351562,0.004950761795043945,102392.0,206.6177673339844,0.0,0.0,0.0,0.0,0.0,0.0,0.0,0.0,0.0,0.0,0.0,0.0,0.0,0.0,0.4280605316162109,0.6358680725097656,97870.0,394.5265045166016,302.9155578613281,0.0,0.2,0.0,0.0,0.0,0.0,295.46083068847656,297.34661865234375,0.006390000000000001,280.1334228515625,37.0,0.3827896118164063,0.6359062194824219,0.6898097763769329,0.3827896118164063,0.6359062194824219,-50.0,0.0,0.0,0.0,0.0,0.0,0.0,0.0,0.0,0.0,0.0,0.0,0.37799999999999995,0.1,174.0,56.0,-80.0,14.0,7.4,0.0,0.0,14.463248431682588,0.0,0.0,0.0,0.0,--,--,--,--,--,300.0,595.3000000000002,320.4000000000001,59.87828441779129,439.32952880859375,946.0,60.6,102.4,-1.0,-17.8,2.597007751464844,9.62460708618164,2.2975082397460938,1.485309600830078,-6.846555709838867,2.756412506103516,4220.0,11.0,61800.0,4220.0,11.0,61700.0,5750.0,7130.0,7.7,0.0
19,0,2020,11,7,-10.0,-999.0,0.0,48900.0,-10.0,-10.0,-10.0,2.816150166094303,-14.065652847290039,4.38330078125,-13.335025787353516,4.872650146484375,5861.25244140625,262.50521850585943,229.49978637695312,-7.751819610595702,4.460533142089844,3194.34375,278.71435546875,253.56228637695312,-0.8273468017578125,5.343700408935547,1588.7850341796875,284.92364501953125,276.99978637695307,2.2147254943847656,3.481918334960937,290.52789306640625,278.68728637695307,0.5591545104980469,0.7956771850585938,296.7738037109375,282.2497863769531,0.2627506256103516,0.3728713989257813,0.0,0.0015649795532226562,-0.02240729331970215,102337.0,201.6623077392578,0.0,0.0,0.0,0.0,0.0,0.0,0.0,0.0,0.0,0.0,0.0,0.0,0.0,0.0,0.4060535430908203,0.7416820526123047,97810.0,394.5265045166016,302.2342834472656,0.0,0.2,0.0,0.0,0.0,0.0,295.9454345703125,297.8406677246094,0.006840000000000001,281.17138671875,38.5,0.28003501892089844,0.6445522308349609,0.693956567440182,0.28003501892089844,0.6445522308349609,-50.0,0.0,0.0,0.0,0.0,0.0,0.0,0.0,0.0,0.0,0.0,0.0,0.37799999999999995,0.1,146.0,51.0,-50.0,14.0,6.3000000000000025,0.0,0.0,14.945178300142288,0.0,0.0,0.0,0.0,--,--,--,--,--,299.4000000000001,521.2,323.6,52.37891446985304,435.2109832763672,915.0,58.6,94.3,1.0,-7.9,2.537921905517578,10.049419403076172,1.267435073852539,1.3123550415039062,-8.159357070922853,3.75628662109375,4197.440000000001,12.0,61900.0,4200.0,12.0,61800.0,5740.0,7120.0,6.8000000000000025,0.0
20,0,2020,11,7,-10.0,-999.0,0.0,48900.0,-10.0,-10.0,-10.0,3.203587681055069,-13.88081169128418,5.340187072753906,-12.926380157470705,3.448822021484375,5860.1044921875,262.41314697265625,229.18728637695312,-8.213776588439941,4.496662139892578,3193.365966796875,278.91287231445307,254.12478637695312,-0.6492347717285156,5.73931884765625,1587.122802734375,285.1448059082031,277.37478637695307,1.9960689544677728,4.0160160064697275,291.13909912109375,279.06228637695307,1.027605056762695,1.152118682861328,297.33990478515625,282.7497863769531,0.783721923828125,0.3886699676513672,0.0,0.02613735198974609,-0.009379386901855469,102287.0,197.50205993652344,0.0,0.0,0.0,0.0,0.0,0.0,0.0,0.0,0.0,0.0,0.0,0.0,0.0,0.0,0.9613094329833984,0.8338069915771484,97770.0,394.5265045166016,300.74366760253906,0.0,0.2,0.0,0.0,0.0,0.0,296.4075012207031,298.3592529296875,0.007070000000000002,281.6059265136719,38.7,0.8913002014160156,0.6953163146972656,1.0696470136754217,0.8913002014160156,0.6953163146972656,-50.0,0.0,0.0,0.0,0.0,0.0,0.0,0.0,0.0,0.0,0.0,0.0,0.37799999999999995,0.13,125.0,56.0,-20.0,14.0,5.5,0.0,0.0,15.489357143640518,0.0,0.0,0.0,0.0,--,--,--,--,--,297.4000000000001,392.70000000000016,327.0,39.502747972030186,426.7596435546875,850.0,53.8,79.9,4.0,-4.4,2.215248107910156,10.638843536376953,0.7614002227783203,1.9526290893554688,-9.37535285949707,3.426311492919922,4200.0,12.0,61900.0,4200.0,12.0,61800.0,5730.0,7130.0,6.0,0.0
21,0,2020,11,7,-10.0,-999.0,0.0,48900.0,-10.0,-10.0,-10.0,2.9487230107188225,-13.06837272644043,6.652252197265625,-12.697052001953125,3.070053100585937,5865.43115234375,262.6270904541016,229.06228637695312,-8.289901733398438,4.9664878845214835,3196.71142578125,279.3344116210937,254.31228637695312,-1.833112716674805,6.196483612060548,1589.212890625,285.53076171875,276.9674835205078,1.0532169342041016,4.234212875366212,291.4591064453125,279.17251586914057,0.6432075500488281,0.9862403869628906,297.52008056640625,282.8669891357422,0.4749259948730469,0.27268218994140625,0.0,-0.015282630920410156,-0.022713899612426758,102288.0,197.94845581054688,0.0,0.0,0.0,0.0,0.0,0.0,0.0,0.0,0.0,0.0,0.0,0.0,0.0,0.0,0.7011852264404297,0.6291656494140625,97780.0,394.5265045166016,298.1743621826172,0.0,0.2,0.0,0.0,0.0,0.0,296.4248046875,298.36077880859375,0.007110000000000002,281.6903533935547,38.90000000000001,0.5721874237060547,0.5037059783935547,0.7525048048701137,0.5721874237060547,0.5037059783935547,-50.0,0.0,0.0,0.0,0.0,0.0,0.0,0.0,0.0,0.0,0.0,0.0,0.37799999999999995,0.09,30.0,31.0,0.0,14.0,5.7,0.0,0.0,15.673609346151352,0.0,0.0,0.0,0.0,--,--,--,--,--,294.0,224.4,327.6,22.5,412.1582336425781,712.0,44.5,57.90000000000001,14.8,1.0,2.183052062988281,10.542579650878906,0.2637042999267578,2.407386779785156,-9.25030517578125,4.130912780761719,4228.0,12.0,61700.0,4230.0,12.0,61600.0,5770.0,7160.0,6.0,0.0
22,0,2020,11,7,-10.0,-999.0,0.0,54100.0,-10.0,-10.0,-10.0,3.0354991033673286,-12.778371810913086,7.307334899902344,-12.692731857299805,4.106460571289063,5868.427734375,262.9818115234375,228.12478637695312,-9.858169555664062,5.77093505859375,3198.119140625,279.1089324951172,256.18728637695307,-3.9393386840820312,7.488105773925781,1590.1033935546875,286.0730895996094,277.637939453125,-0.8925704956054688,3.9273719787597656,291.7189025878906,278.84011840820307,-0.02309417724609375,0.9354076385498048,297.80633544921875,281.5522155761719,0.9959554672241212,0.2281932830810547,0.0,0.012467384338378906,-0.005632638931274414,102287.0,197.72149658203125,0.0,0.0,0.0,0.0,0.0,0.0,0.0,0.0,0.0,0.0,0.0,0.0,0.0,0.0,1.0547008514404297,0.5526962280273438,97780.0,394.5265045166016,295.09617614746094,0.0,0.2,0.0,0.0,0.0,0.0,295.6152801513672,297.5202331542969,0.006509999999999999,280.40805053710943,35.4,1.129018783569336,0.4937572479248047,1.1911988640204072,1.129018783569336,0.4937572479248047,-50.0,0.0,0.0,0.0,0.0,0.0,0.0,0.0,0.0,0.0,0.0,0.0,0.37799999999999995,0.03,-2.0,1.0,20.0,14.0,7.0,0.0,0.0,15.899339199066162,0.0,0.0,0.0,0.0,--,--,--,--,--,287.8,44.5,328.1,4.5,395.4580078125,295.0,21.8,19.4,41.0,24.5,0.9373550415039062,10.764982223510742,-2.255477905273437,2.3294849395751958,-11.130672454833984,5.1043739318847665,4233.92,15.0,61700.0,4230.0,15.0,61600.0,5830.0,7180.0,7.0,0.0
23,0,2020,11,7,-10.0,-999.0,0.0,46600.0,-10.0,-10.0,-10.0,1.429609641432762,-13.735685348510742,9.284660339355467,-13.398580551147461,6.183250427246094,5867.29248046875,262.8930511474609,228.99978637695312,-9.18698501586914,6.660022735595702,3197.904296875,278.94113159179693,259.49978637695307,-3.771503448486328,7.378406524658202,1588.947509765625,286.3587646484375,277.6245880126953,-2.05874252319336,3.983699798583984,291.65753173828125,279.2103881835937,-0.6682510375976562,0.2530250549316406,297.7740478515625,281.32012939453125,1.2844486236572266,-0.7196731567382812,0.0,-0.003184318542480469,0.017623186111450195,102272.0,196.29349517822263,0.0,0.0,0.0,0.0,0.0,0.0,0.0,0.0,0.0,0.0,0.0,0.0,0.0,0.0,1.1863079071044922,-0.5208263397216797,97760.0,394.5265045166016,289.8697814941406,0.0,0.2,0.0,0.0,0.0,0.0,291.57041931152344,293.50177001953125,0.00672,280.9113311767578,41.3,1.1814870834350586,-0.5663967132568359,1.3153425131458791,1.1814870834350586,-0.5663967132568359,-50.0,0.0,0.0,0.0,0.0,0.0,0.0,0.0,0.0,0.0,0.0,0.0,0.37799999999999995,0.03,-5.0,0.0,50.0,14.0,7.800000000000002,0.0,0.0,16.530460596084595,0.0,0.0,0.0,0.0,--,--,--,--,--,280.8,0.0,325.3,0.0,368.3647918701172,0.0,0.0,0.0,62.0,43.90000000000001,1.8247947692871087,9.841718673706056,-3.5503406524658203,3.526336669921875,-10.179920196533203,7.132316589355469,4221.76,14.0,61800.0,4220.0,14.0,61700.0,5810.0,7180.0,6.7,0.0
