Hour,Minute,Year,Month,Date,ATT1,ATT2,ATT3,ATT4,ATT5,ATT6,ATT7,ATT8,ATT9,ATT10,ATT11,ATT12,ATT13,ATT14,ATT15,ATT16,ATT17,ATT18,ATT19,ATT20,ATT21,ATT22,ATT23,ATT24,ATT25,ATT26,ATT27,ATT28,ATT29,ATT30,ATT31,ATT32,ATT33,ATT34,ATT35,ATT36,ATT37,ATT38,ATT39,ATT40,ATT41,ATT42,ATT43,ATT44,ATT45,ATT46,ATT47,ATT48,ATT49,ATT50,ATT51,ATT52,ATT53,ATT54,ATT55,ATT56,ATT57,ATT58,ATT59,ATT60,ATT61,ATT62,ATT63,ATT64,ATT65,ATT66,ATT67,ATT68,ATT69,ATT70,ATT71,ATT72,ATT73,ATT74,ATT75,ATT76,ATT77,ATT78,ATT79,ATT80,ATT81,ATT82,ATT83,ATT84,ATT85,ATT86,ATT87,ATT88,ATT89,ATT90,ATT91,ATT92,ATT93,ATT94,ATT95,ATT96,ATT97,ATT98,ATT99,ATT100,ATT101,ATT102,ATT103,ATT104,ATT105,ATT106,ATT107,ATT108,ATT109,ATT110,ATT111,ATT112,ATT113,ATT114,ATT115,ATT116,ATT117,ATT118,ATT119,ATT120,ATT121,ATT122,ATT123,ATT124,ATT125,ATT126,ATT127,ATT128,ATT129,ATT130,ATT131,ATT132
0,0,2019,3,9,-10.0,-999.0,0.0,29200.0,-10.0,-10.0,-10.0,8.82656966149807,52.83685874938965,-19.324970245361328,37.20936584472656,-11.587844848632812,5773.9072265625,258.63851928710943,244.12478637695312,16.60654067993164,-8.182590484619139,3134.10791015625,278.77500915527344,258.06228637695307,11.42670440673828,1.0568389892578125,1530.292236328125,284.7469482421875,280.37478637695307,7.23896598815918,6.016304016113281,287.4541320800781,284.7658386230469,2.714662551879884,8.745906829833983,293.4336242675781,285.1998291015625,0.16877269744873047,6.971804618835449,0.0,-0.0038585662841796884,-0.02256941795349121,101766.0,153.5093536376953,0.0,0.0,0.0,0.0,0.0,0.0,0.0,0.0,0.0,0.0,0.0,0.0,0.0,0.0,0.2442159652709961,7.304014205932617,100700.0,92.27650451660156,293.12408447265625,0.0,8.700000000000001,0.0,0.0,0.0,0.0,293.5417938232422,292.96620178222656,0.00904,285.74827575683594,60.0,0.0634450912475586,3.9005355834960938,3.8755103708826937,0.0634450912475586,3.9005355834960938,-50.0,0.0,0.0,0.0,0.0,0.0,0.0,0.0,0.0,0.0,0.0,0.0,0.2916,0.25,-14.0,20.0,50.0,8.0,1.8,0.0,0.0,25.81129539012909,0.0,0.0,0.0,0.0,--,--,--,--,--,266.6,0.0,338.9000000000001,0.0,389.31044006347656,0.0,0.0,0.0,141.0,61.8,1.8020782470703125,-1.8859233856201167,5.158952713012695,3.217639923095703,15.759010314941404,-15.85770034790039,3772.0,44.0,64800.0,3770.0,44.0,64700.0,5100.0,6560.0,0.30000000000000004,0.0
1,0,2019,3,9,-10.0,-999.0,0.0,23900.0,-10.0,-10.0,-10.0,9.969509497284893,50.6823558807373,-15.111663818359375,42.130971908569336,-14.620498657226562,5777.7314453125,259.0718536376953,242.68728637695312,13.777029037475586,-7.24894905090332,3134.941650390625,278.83026123046875,259.93728637695307,10.896858215332033,0.7819404602050781,1528.66845703125,285.3545837402344,281.29055786132807,7.485427856445312,4.642362594604492,287.5484313964844,284.29978942871094,4.0460119247436515,9.425052642822266,291.87908935546875,285.6598815917969,0.13262939453125,7.090303421020508,0.0,-0.020376205444335938,0.03044438362121582,101757.0,152.7470703125,0.0,0.0,0.0,0.0,0.0,0.0,0.0,0.0,0.0,0.0,0.0,0.0,0.0,0.0,0.3209228515625,7.4643192291259775,100690.0,92.27650451660156,291.4370422363281,0.0,9.8,0.0,0.0,0.0,0.0,291.8415222167969,291.262451171875,0.00922,286.05165100097656,68.10000000000001,0.15413475036621094,3.3331203460693364,3.313027468277141,0.15413475036621094,3.3331203460693364,-50.0,0.0,0.0,0.0,0.0,0.0,0.0,0.0,0.0,0.0,0.0,0.0,0.2916,0.22,-11.0,11.0,60.0,8.0,3.0,0.0,0.0,26.20623242855072,3.125,0.0,0.0,3.125,--,--,--,--,--,265.5,0.0,334.7000000000001,0.0,380.46336364746094,0.0,0.0,0.0,151.0,77.0,1.2031545639038086,-1.3360710144042969,5.420442581176758,4.04229736328125,12.467031478881836,-15.288002014160154,3797.28,48.0,64600.0,3800.0,47.0,64500.0,5150.0,6590.0,0.5,0.0
2,0,2019,3,9,-10.0,-999.0,0.0,18600.0,-10.0,-10.0,-10.0,10.553298979997637,49.33778190612793,-11.18622589111328,40.90303421020508,-14.737010955810547,5784.4375,259.43328857421875,240.81228637695312,12.229324340820312,-6.9912776947021475,3138.711669921875,278.80758666992193,262.06228637695307,10.43132495880127,1.2821617126464844,1528.806396484375,286.1971893310547,279.1118927001953,7.350313186645508,4.359516143798828,287.71551513671875,284.5029296875,4.784294128417969,10.190013885498047,290.66119384765625,287.02735900878906,-0.26418495178222656,6.777445793151856,0.0,0.02687549591064453,-0.01837921142578125,101758.0,152.6594009399414,0.0,0.0,0.0,0.0,0.0,0.0,0.0,0.0,0.0,0.0,0.0,0.0,0.0,0.0,-0.09572601318359376,7.218635559082031,100690.0,92.27650451660156,290.4463806152344,0.0,11.3,0.0,0.0,0.0,0.0,290.7174377441406,290.2248840332031,0.0098,286.9684753417969,77.5,-0.11688613891601562,3.46780776977539,3.5057893986813724,-0.11688613891601562,3.46780776977539,-50.0,0.0,0.0,0.0,0.0,0.0,0.0,0.0,0.0,0.0,0.0,0.0,0.2916,0.22,-10.0,8.0,40.0,8.0,3.2,0.0,0.0,25.418821692466736,14.0,0.0,71.875,71.875,25600.0,10538.300312042236,9301.853061676025,24100.0,12126.23355102539,241.8,0.0,333.2000000000001,0.0,375.1232604980469,0.0,0.0,0.0,159.0,85.0,0.7197685241699219,-0.6813945770263672,5.388753890991211,4.614795684814453,10.90532684326172,-15.327198028564453,3834.56,45.0,64300.0,3830.0,45.0,64200.0,5210.0,6630.0,1.5,0.0
3,0,2019,3,9,-10.0,-999.0,0.0,14900.0,-10.0,-10.0,-10.0,9.313056372106077,46.8542537689209,-10.732048034667967,39.964622497558594,-11.587051391601562,5786.16162109375,259.26156616210943,241.31228637695312,11.379304885864258,-5.815586090087893,3141.31591796875,278.939208984375,259.18728637695307,10.048345565795898,2.1803760528564453,1530.376708984375,286.6304626464844,278.93728637695307,8.296441078186035,3.8120441436767583,287.8553161621094,285.6872863769531,5.277841567993164,10.30388069152832,289.8741760253906,287.8747863769531,-0.9946670532226562,6.149354934692383,0.0,-0.025081634521484368,-0.006641626358032226,101767.0,153.70692443847656,0.0,0.0,0.0,0.0,0.0,0.0,0.0,0.0,0.0,0.0,0.0,0.0,0.0,0.0,-1.079096794128418,6.6573028564453125,100700.0,92.27650451660156,289.8356170654297,0.0,13.2,0.0,0.0,0.0,0.0,289.9913482666016,289.4297332763672,0.0104,287.8747863769531,86.7,-0.6377124786376953,2.8712368011474614,2.940869448706508,-0.6377124786376953,2.8712368011474614,-50.0,0.0,0.0,0.0,0.0,0.0,0.0,0.0,0.0,0.0,0.0,0.0,0.2916,0.18,-3.0,4.0,0.0,8.0,2.6,0.0,0.0,25.523832142353054,11.375,0.0,96.875,96.875,29100.0,9683.129137039185,8865.397827148438,25600.0,11710.074035644531,233.8,0.0,333.0,0.0,372.2229309082031,0.0,0.0,0.0,176.0,111.0,0.7595787048339844,-0.6527976989746094,6.79133415222168,5.145061492919922,10.700279235839844,-13.781402587890625,3840.64,42.0,64300.0,3840.0,42.0,64200.0,5190.0,6610.0,0.1,0.0
4,0,2019,3,9,-10.0,-999.0,0.0,13800.0,-10.0,-10.0,-10.0,9.501735873520373,44.23529815673828,-11.360973358154295,35.391550064086914,-11.177284240722656,5787.7314453125,259.36636352539057,241.12478637695312,9.926132202148438,-5.024036407470703,3142.19775390625,278.9976959228516,255.87478637695312,9.418951034545898,2.7178268432617188,1530.5390625,286.92979431152344,278.27801513671875,8.29355525970459,4.1175899505615225,288.0749816894531,286.2699279785156,5.373973846435547,11.081077575683594,289.7119140625,288.24688720703125,-1.1939229965209959,6.015022277832031,0.0,0.003223419189453125,0.023096799850463867,101761.0,152.68833923339844,0.0,0.0,0.0,0.0,0.0,0.0,0.0,0.0,0.0,0.0,0.0,0.0,0.0,0.0,-1.211130142211914,6.568283081054688,100690.0,92.27650451660156,289.8155517578125,0.0,15.7,0.0,0.0,0.0,0.0,289.8829345703125,289.2913055419922,0.01061,288.1696319580078,89.30000000000004,-0.8019018173217773,2.9765758514404297,3.066093232482672,-0.8019018173217773,2.9765758514404297,-50.0,0.0,0.0,0.0,0.0,0.0,0.0,0.0,0.0,0.0,0.0,0.0,0.2916,0.19,-2.0,4.0,-20.0,8.0,2.4000000000000004,0.0,0.0,24.9091611802578,12.0,15.0,30.375,30.375,--,--,--,--,--,264.3,0.0,329.9000000000001,0.0,371.9890899658203,0.0,0.0,0.0,178.0,114.0,0.2121124267578125,-0.013607025146484377,7.2043724060058585,5.460250854492188,9.341999053955078,-13.185138702392578,3858.72,37.0,64200.0,3860.0,37.0,64000.0,5210.0,6600.0,-0.8,90.0
5,0,2019,3,9,-10.0,-999.0,0.0,12500.0,-10.0,-10.0,-10.0,9.052791345864533,47.23504829406738,-10.868606567382812,34.21507835388184,-8.316867828369139,5784.9384765625,259.52330017089844,240.06228637695312,8.298599243164062,-2.976669311523437,3140.283447265625,278.6259002685547,254.49978637695312,8.939896583557129,3.0620365142822266,1530.894287109375,286.65069580078125,278.62478637695307,7.429097175598144,3.7718467712402335,287.7110900878906,286.5622863769531,5.537590026855469,11.019454956054688,289.7787322998047,288.9372863769531,-0.989360809326172,5.512322425842285,0.0,0.011046886444091795,-0.016014814376831055,101779.0,154.42244720458984,0.0,0.0,0.0,0.0,0.0,0.0,0.0,0.0,0.0,0.0,0.0,0.0,0.0,0.0,-0.96661376953125,6.0323638916015625,100710.0,92.27650451660156,289.7417449951172,0.0,18.8,0.0,0.0,0.0,0.0,289.87823486328125,289.2982940673828,0.01117,288.9997863769531,93.7,-0.4256448745727539,2.146160125732422,2.1918590115383267,-0.4256448745727539,2.146160125732422,-50.0,0.0,0.0,0.0,0.0,0.0,0.0,0.0,0.0,0.0,0.0,0.0,0.2916,0.13,-3.0,1.0,10.0,8.0,1.6,0.0,0.0,26.67654058337212,95.5,51.875,43.125,95.5,97400.0,375.3775405883789,263.99119567871094,95600.0,8718.786430358887,251.5,0.0,392.1,0.0,371.44134521484375,0.0,0.0,0.0,156.0,98.0,-0.3086566925048828,0.12782669067382812,6.497291564941406,6.698139190673827,7.409252166748048,-10.62531280517578,3833.76,33.0,64300.0,3830.0,33.0,64200.0,5220.0,6590.0,-0.6000000000000001,90.0
6,0,2019,3,9,-10.0,-999.0,0.0,12900.0,-10.0,-10.0,-10.0,9.244418986141682,46.09716987609863,-7.8685569763183585,37.27344703674317,-8.665428161621094,5780.537109375,259.51754760742193,240.37478637695312,7.6290931701660165,-0.353912353515625,3136.317626953125,278.63037109375,253.49978637695312,8.834278106689453,3.742488861083984,1526.717041015625,286.66619873046875,279.49978637695307,5.617850303649902,3.2420969009399414,287.6163635253906,287.4997863769531,4.89154052734375,10.260781288146973,290.0413513183594,289.0622863769531,-1.4379959106445312,4.454137802124023,0.0,0.02662515640258789,-0.019355297088623047,101736.0,150.26566314697266,0.0,0.0,0.0,0.0,0.0,0.0,0.0,0.0,0.0,0.0,0.0,0.0,0.0,0.0,-1.353071212768555,4.9542388916015625,100660.0,92.27650451660156,290.4816589355469,0.0,22.4,0.0,0.0,0.0,0.0,290.45655822753906,289.892333984375,0.011330000000000002,289.1872863769531,92.0,-0.9197549819946288,2.1730823516845703,2.3798443851992492,-0.9197549819946288,2.1730823516845703,-50.0,0.0,0.0,0.0,0.0,0.0,0.0,0.0,0.0,0.0,0.0,0.0,0.2916,0.14,0.0,3.0,-20.0,8.0,1.1,0.0,0.0,28.06141957640648,96.375,1.875,0.0,96.375,97400.0,375.48059463500977,264.084415435791,91100.0,1188.0170364379883,262.2,0.0,399.3,0.0,375.2455749511719,0.0,0.0,0.0,129.0,88.0,0.08214187622070312,-1.150054931640625,5.721282958984375,6.2322044372558585,7.373769760131836,-6.6222991943359375,3822.4,29.0,64400.0,3820.0,29.0,64300.0,5230.0,6550.0,-1.4,200.0
7,0,2019,3,9,-0.9375,-999.0,0.0024,12200.0,-10.0,-10.0,-10.0,6.607357498258352,44.74522209167481,-4.924797058105469,39.57925987243652,-12.131698608398438,5778.5947265625,259.32943725585943,241.06228637695312,6.390594482421875,1.9960975646972656,3133.98095703125,278.5888061523437,256.62478637695307,8.56682014465332,4.9577484130859375,1524.582763671875,286.21270751953125,282.0622863769531,4.053663253784181,4.1301517486572275,287.29222106933594,287.1872863769531,4.951129913330078,9.63802719116211,290.0266418457031,289.5622863769531,-1.2366905212402344,3.705665588378906,0.0,-0.030716419219970707,-0.006464004516601562,101727.0,149.42552185058594,3.0,0.0,0.0,0.0,0.0,0.0,0.0,0.0,0.0,0.0,0.0,0.0,0.0,0.0,-1.39813232421875,4.142593383789063,100650.0,92.27650451660156,290.5275115966797,0.0,27.20000000000001,0.0,0.0,0.0,0.0,290.48863220214844,289.9819793701172,0.01172,289.7497863769531,95.0,-0.6966695785522461,1.774892807006836,1.8805678151547909,-0.6966695785522461,1.774892807006836,-50.0,0.0,0.0,0.0,0.0,0.0,0.0,0.0,0.0,0.0,0.0,0.0,0.2916,0.12,0.0,2.0,-10.0,8.0,0.30000000000000004,10.0,-280.0,28.609462380409237,100.0,30.375,30.875,100.0,95600.0,534.3493957519531,181.5929832458496,91100.0,1187.5399932861328,261.0,0.0,400.4,0.0,375.5204772949219,0.0,0.0,0.0,114.0,86.0,0.7973155975341797,-1.6542320251464844,5.029167175292969,6.7643680572509775,6.098318099975586,-3.514049530029297,3827.04,28.0,64300.0,3830.0,28.0,64200.0,5250.0,6510.0,-1.6,200.0
8,0,2019,3,9,5.375,-999.0,0.0064,12200.0,-10.0,-10.0,-10.0,5.838196448981763,47.86526298522949,-6.441154479980469,40.96772384643555,-11.63092803955078,5776.16259765625,259.0408935546875,240.18728637695312,6.937211036682129,5.007579803466797,3131.357177734375,278.635009765625,259.37478637695307,8.798978805541992,6.112773895263673,1522.71240234375,285.7983093261719,280.31228637695307,2.722640991210937,5.119241714477539,287.0262145996094,286.8747863769531,4.7705726623535165,8.713375091552733,290.3137512207031,289.9372863769531,-1.314229965209961,3.206043243408203,0.0,-0.0020904541015625,-0.016480207443237305,101718.0,149.0808868408203,11.625,0.0,0.0,0.0,0.0,0.0,0.0,0.0,0.0,0.0,0.0,0.0,0.0,0.0,-1.2450084686279297,3.4936923980712886,100650.0,92.27650451660156,290.5849151611328,0.0,45.7,0.0,0.0,0.0,0.0,290.6517333984375,290.15940856933594,0.01196,290.0622863769531,95.4,-0.8587522506713867,1.480621337890625,1.689747033175081,-0.8587522506713867,1.480621337890625,-50.0,0.0,0.0,0.0,0.0,0.0,0.0,0.0,0.0,0.0,0.0,0.0,0.2916,0.11,-1.0,2.0,0.0,8.0,-0.5,60.0,-189.0,27.941464781761173,98.375,0.0,0.0,98.375,95600.0,534.7649173736572,181.6682891845703,91100.0,1186.731803894043,261.5,0.0,400.8,0.0,376.0325469970703,0.0,0.0,0.0,112.0,94.0,4.824319839477539,-2.268850326538086,4.885663986206055,6.9222774505615225,6.683574676513673,0.3912277221679688,3834.08,29.0,64300.0,3830.0,29.0,64100.0,5230.0,6480.0,-1.5,180.0
9,0,2019,3,9,-1.4375,-999.0,0.0032,12200.0,-10.0,-10.0,-10.0,5.739021312445402,49.24323272705078,-7.6949710845947275,39.70719909667969,-10.242603302001953,5772.2119140625,258.70864868164057,243.74978637695312,7.5094261169433585,7.7088565826416025,3127.4345703125,278.811279296875,260.37478637695307,9.38467788696289,7.162109375,1518.3424072265625,286.0524597167969,279.12478637695307,2.1280574798583984,5.857696533203125,287.0045471191406,286.8747863769531,4.776382446289063,7.893831253051758,290.56455993652344,289.9372863769531,-1.559673309326172,2.7160301208496094,0.0,0.029595851898193363,0.01740097999572754,101656.0,143.95907592773438,2.1875,0.0,0.0,0.0,0.0,0.0,0.0,0.0,0.0,0.0,0.0,0.0,0.0,0.0,-1.5610904693603516,3.3863391876220703,100590.0,92.27650451660156,290.76019287109375,0.0,59.1,0.0,0.0,0.0,0.0,290.8497467041016,290.38458251953125,0.012,290.0622863769531,94.6,-1.0515623092651367,1.2932682037353516,1.6294560539536178,-1.0515623092651367,1.2932682037353516,-50.0,0.0,0.0,0.0,0.0,0.0,0.0,0.0,0.0,0.0,0.0,0.0,0.2916,0.1,-2.0,4.0,0.0,8.0,-1.1,80.0,-185.0,28.50706827640533,100.0,0.0,21.375,100.0,95500.0,535.0839176177979,181.84331130981445,91000.0,1186.7258529663086,260.2,0.0,401.20000000000016,0.0,376.9713287353516,0.0,0.0,0.0,124.0,101.0,7.4498939514160165,-1.0782585144042969,4.884296417236328,6.9308834075927725,7.438442230224607,3.4111900329589844,3835.2,36.0,64200.0,3840.0,36.0,64100.0,5180.0,6490.0,-2.0,190.0
10,0,2019,3,9,-10.0,-999.0,0.0,12200.0,-10.0,-10.0,-10.0,5.72915793210268,45.33820152282715,-6.159177780151367,34.52301406860352,-4.022102355957031,5772.0322265625,258.54461669921875,250.68728637695312,10.406183242797852,7.1397647857666025,3128.9833984375,278.70590209960943,261.37478637695307,7.612532615661621,7.345653533935548,1519.48291015625,286.00311279296875,278.37478637695307,1.9544181823730469,6.7233524322509775,287.6298522949219,286.7497863769531,4.465099334716797,8.134389877319336,290.8116455078125,290.3122863769531,-1.8307418823242188,2.7008285522460938,0.0,0.030298233032226562,0.000417470932006836,101645.0,142.70262908935547,0.0,0.0,0.0,0.0,0.0,0.0,0.0,0.0,0.0,0.0,0.0,0.0,0.0,0.0,-1.7323360443115234,3.2641696929931636,100580.0,92.27650451660156,290.8922271728516,0.0,60.5,0.0,0.0,0.0,0.0,291.0043182373047,290.56056213378906,0.012159999999999999,290.3122863769531,94.7,-0.9755754470825196,0.9996280670166016,1.3779445772524923,-0.9755754470825196,0.9996280670166016,-50.0,0.0,0.0,0.0,0.0,0.0,0.0,0.0,0.0,0.0,0.0,0.0,0.2916,0.07,-1.0,2.0,-10.0,8.0,-1.6,160.0,-116.0,28.431053515523672,100.0,0.0,0.0,100.0,98700.0,254.9494857788086,181.9586944580078,93400.0,947.9581451416016,260.40000000000003,0.0,405.1,0.0,377.5647430419922,0.0,0.0,0.0,104.0,89.0,5.557731628417969,-1.245849609375,4.610675811767578,7.48828125,10.679805755615234,2.0556640625,3813.44,36.0,64400.0,3810.0,36.0,64300.0,5140.0,6770.0,-2.8000000000000003,240.0
11,0,2019,3,9,-10.0,-999.0,0.0,12200.0,-10.0,-10.0,-10.0,6.123503543436527,45.54189491271973,-1.9681453704833984,36.1999397277832,-4.453392028808594,5774.4765625,258.426284790039,253.31228637695312,12.632946014404295,4.946212768554688,3132.010498046875,278.69955444335943,262.24978637695307,7.380535125732423,8.635349273681639,1522.00390625,286.0939483642578,278.56228637695307,0.9658432006835938,7.574134826660156,287.81634521484375,287.5622863769531,3.889350891113281,8.554868698120117,290.57237243652344,290.1872863769531,-2.3997507095336914,2.819377899169922,0.0,2.384185791015625e-05,0.00217437744140625,101675.0,145.20990753173828,0.0,0.0,0.0,0.0,0.0,0.0,0.0,0.0,0.0,0.0,0.0,0.0,0.0,0.0,-2.483123779296875,3.3190460205078125,100610.0,92.27650451660156,290.90077209472656,0.0,60.40000000000001,0.0,0.0,0.0,0.0,290.8947448730469,290.3974304199219,0.01202,290.1247863769531,94.7,-1.5131196975708008,1.2031383514404297,1.942959151696413,-1.5131196975708008,1.2031383514404297,-50.0,0.0,0.0,0.0,0.0,0.0,0.0,0.0,0.0,0.0,0.0,0.0,0.2916,0.12,-1.0,6.0,-20.0,8.0,-1.4,130.0,-145.0,29.68417809158564,100.0,0.0,0.0,100.0,98700.0,254.83489990234375,181.77901458740234,91000.0,1188.1170959472656,258.5,0.0,404.1,0.0,377.46653747558594,0.0,0.0,0.0,103.0,79.0,3.441791534423828,-0.977914810180664,4.242154121398927,7.837608337402344,13.69588851928711,-0.6830940246582031,3819.04,38.0,64400.0,3820.0,38.0,64300.0,5110.0,6760.0,-2.7,210.0
12,0,2019,3,9,-10.0,-999.0,0.0,12200.0,-10.0,-10.0,-10.0,6.127360954880714,48.96562194824219,0.06075096130371094,39.24000930786133,-1.1623458862304688,5775.22265625,258.4586639404297,253.37478637695312,15.901823043823242,2.429037094116211,3131.651611328125,278.735580444336,261.93728637695307,7.145149230957031,9.867401123046877,1521.7244873046875,286.00115966796875,278.24978637695307,-0.005046844482421875,8.727272033691406,287.99217224121094,286.4997863769531,2.7308940887451167,8.781862258911133,290.7084045410156,290.3122863769531,-2.8575344085693364,2.9114952087402344,0.0,-0.012619972229003906,-0.015798568725585938,101674.0,144.99578857421875,0.0,0.0,0.0,0.0,0.0,0.0,0.0,0.0,0.0,0.0,0.0,0.0,0.0,0.0,-3.1485881805419917,3.1607456207275386,100600.0,92.27650451660156,290.9344024658203,0.0,60.3,0.0,0.0,0.0,0.0,291.0866241455078,290.58631896972656,0.012220000000000002,290.3937225341797,95.0,-1.9661855697631845,1.5435237884521484,2.5012930862139906,-1.9661855697631845,1.5435237884521484,-50.0,0.0,0.0,0.0,0.0,0.0,0.0,0.0,0.0,0.0,0.0,0.0,0.2916,0.16,-3.0,4.0,-10.0,8.0,-1.8,140.0,-141.0,28.966005109250546,100.0,0.0,0.0,100.0,98700.0,254.98489379882812,181.81909561157227,95500.0,733.0577697753906,260.6,0.0,404.70000000000016,0.0,377.7748260498047,0.0,0.0,0.0,115.0,77.0,2.2133140563964844,-0.6116142272949219,4.1042518615722665,7.661355972290039,17.981033325195312,-3.149707794189453,3824.0,36.0,64400.0,3820.0,36.0,64200.0,5140.0,6590.0,-2.7,230.0
13,0,2019,3,9,-10.0,-999.0,0.0,12200.0,-10.0,-10.0,-10.0,6.5363854393363,57.11470031738281,2.3700904846191406,40.76510620117188,1.878091812133789,5778.8544921875,258.4362945556641,251.99978637695312,19.848371505737305,-1.39691162109375,3133.822509765625,278.61166381835943,261.74978637695307,7.083011150360107,10.53609848022461,1525.4859619140625,285.4695129394531,278.74978637695307,0.9981555938720704,9.843229293823242,287.7744140625,286.2497863769531,2.651531219482422,9.404268264770508,290.74327087402344,290.3747863769531,-2.886162757873535,3.4856414794921875,0.0,-0.006190299987792969,0.02204608917236328,101723.0,149.39620971679688,0.0,0.0,0.0,0.0,0.0,0.0,0.0,0.0,0.0,0.0,0.0,0.0,0.0,0.0,-3.1097145080566406,3.742511749267578,100650.0,92.27650451660156,291.33770751953125,0.0,61.40000000000001,0.0,0.0,0.0,0.0,291.27818298339844,290.75071716308594,0.0123,290.4997863769531,94.9,-1.9927730560302728,2.2033767700195312,3.0030254144221544,-1.9927730560302728,2.2033767700195312,-50.0,0.0,0.0,0.0,0.0,0.0,0.0,0.0,0.0,0.0,0.0,0.0,0.2916,0.2,2.0,13.0,-10.0,8.0,-2.0,170.0,-117.0,28.576936915516853,93.625,0.0,0.0,93.625,98800.0,254.96261596679688,181.9375343322754,95600.0,733.3138732910156,261.40000000000003,16.8,404.8,1.75,380.0458984375,0.0,16.8,177.3,119.0,84.0,1.7785406112670898,-0.4231109619140625,4.921201705932617,7.679439544677732,23.09014129638672,-7.407550811767577,3818.4,36.0,64400.0,3820.0,36.0,64300.0,5200.0,6430.0,-3.1,330.0
14,0,2019,3,9,-10.0,-999.0,0.0,12500.0,-10.0,-10.0,-10.0,8.288919862359762,54.6799488067627,3.30718994140625,40.47114562988281,2.856298446655273,5783.330078125,258.8860626220703,251.43728637695312,19.10460090637207,2.271568298339844,3135.34521484375,278.6689453125,262.56228637695307,6.510948181152344,11.609127044677734,1527.767578125,284.9998016357422,281.18728637695307,0.5751590728759766,11.244617462158203,288.05491638183594,286.0622863769531,1.8012657165527344,10.931806564331056,291.2224884033203,290.8122863769531,-2.7019939422607417,4.080615997314453,0.0,0.01797962188720703,0.010070085525512695,101747.0,151.24789428710938,0.0,0.0,0.0,0.0,0.0,0.0,0.0,0.0,0.0,0.0,0.0,0.0,0.0,0.0,-2.78348159790039,4.3439788818359375,100670.0,92.27650451660156,292.8990631103516,0.0,59.8,0.0,0.0,0.0,0.0,292.20335388183594,291.65802001953125,0.012560000000000002,290.8122863769531,92.6,-1.9813652038574217,2.9396209716796875,3.503780831117183,-1.9813652038574217,2.9396209716796875,-50.0,0.0,0.0,0.0,0.0,0.0,0.0,0.0,0.0,0.0,0.0,0.0,0.2916,0.25,23.0,50.0,-40.0,8.0,-2.4000000000000004,270.0,-50.0,30.138726532459263,100.0,10.375,17.0,100.0,98800.0,255.34795761108398,265.15817642211914,95600.0,733.3446731567383,262.0,61.40000000000001,406.5,6.125,388.1164855957031,0.0,61.40000000000001,343.90000000000015,120.0,82.0,2.259540557861328,0.6303977966308594,4.100112915039063,8.337928771972656,22.972126007080078,-4.162891387939453,3845.44,38.0,64200.0,3850.0,38.0,64100.0,5260.0,6480.0,-2.6,280.0
15,0,2019,3,9,-10.0,-999.0,0.0,13600.0,-10.0,-10.0,-10.0,8.505784273147581,45.21204376220703,7.529104232788086,38.551025390625,2.9185848236083984,5790.6025390625,258.9505157470703,250.06228637695312,19.55028533935547,5.567760467529297,3139.581298828125,279.14260864257807,262.81228637695307,6.690617561340332,11.163803100585938,1530.88818359375,285.07513427734375,281.6247863769531,1.10516357421875,11.263629913330078,288.385009765625,287.7823791503906,2.4479541778564453,10.38874626159668,292.34617614746094,291.1159362792969,-2.2266387939453125,4.388019561767578,0.0,0.007251739501953125,0.027956724166870117,101756.0,152.21409606933594,0.0,0.0,0.0,0.0,0.0,0.0,0.0,0.0,0.0,0.0,0.0,0.0,0.0,0.0,-2.3759937286376958,4.468358993530273,100680.0,92.27650451660156,294.10084533691406,0.0,57.2,0.0,0.0,0.0,0.0,293.4173278808594,292.8680419921875,0.013009999999999999,291.3973083496094,89.0,-1.701641082763672,3.1711959838867188,3.628760079620406,-1.701641082763672,3.1711959838867188,-50.0,0.0,0.0,0.0,0.0,0.0,0.0,0.0,0.0,0.0,0.0,0.0,0.2916,0.26,24.0,70.0,-30.0,8.0,-3.6,410.0,-20.0,31.754024863243107,97.0,0.0,0.0,97.0,98800.0,256.093111038208,265.9022674560547,95600.0,736.0901641845703,262.90000000000003,83.60000000000002,412.6,8.375,394.60313415527344,0.0,83.60000000000002,497.3,120.0,85.0,3.8560466766357417,0.7227592468261719,4.328439712524413,7.6404476165771475,22.688190460205078,-0.5852603912353516,3906.4,39.0,63800.0,3910.0,39.0,63600.0,5300.0,6530.0,-3.9,470.0
16,0,2019,3,9,-10.0,-999.0,0.0,16300.0,-10.0,-10.0,-10.0,9.486251078546047,51.55379676818848,10.469030380249023,46.25945663452149,3.993362426757813,5793.0341796875,258.51828002929693,251.87478637695312,18.817859649658203,5.854377746582031,3139.99169921875,279.457748413086,262.06228637695307,7.1963090896606445,11.456106185913086,1532.52392578125,284.52362060546875,281.9372863769531,2.1221237182617188,12.072322845458984,288.54820251464844,288.3747863769531,2.6534423828125,10.964044570922852,293.6853332519531,291.1247863769531,-1.615438461303711,5.667152404785156,0.0,0.005954265594482422,0.022074460983276367,101751.0,152.12581634521484,0.0,0.0,0.0,0.0,0.0,0.0,0.0,0.0,0.0,0.0,0.0,0.0,0.0,0.0,-1.7581329345703125,5.91179084777832,100680.0,92.27650451660156,295.82037353515625,0.0,51.1,0.0,0.0,0.0,0.0,294.91497802734375,294.37750244140625,0.013070000000000002,291.4186096191406,81.60000000000002,-1.1739883422851562,4.3201351165771475,4.4384029469802035,-1.1739883422851562,4.3201351165771475,-50.0,0.0,0.0,0.0,0.0,0.0,0.0,0.0,0.0,0.0,0.0,0.0,0.2916,0.32,34.0,120.0,-40.0,8.0,-5.0,660.0,0.059661865234375,32.391632795333855,95.75,0.0,0.0,95.75,97400.0,379.3053665161133,266.64025115966797,88600.0,1467.8570175170898,259.5,72.60000000000002,418.5,7.25,403.7560119628906,0.0,72.60000000000002,645.0,113.0,80.0,3.8906955718994136,1.4898204803466797,4.5662193298339835,6.9149227142333975,20.82852935791016,-2.018146514892578,3974.24,36.0,63200.0,3970.0,36.0,63100.0,5270.0,6640.0,-5.300000000000002,720.0
17,0,2019,3,9,6.5,-999.0,0.0064,15400.0,-10.0,-10.0,-10.0,9.187703505158424,52.15105247497559,12.264934539794922,46.36101150512695,5.875165939331055,5787.3564453125,258.5765991210937,251.74978637695312,18.526460647583008,5.810707092285156,3134.12451171875,279.385009765625,261.24978637695307,7.947528839111327,12.685930252075195,1529.7095947265625,283.89013671875,282.3747863769531,2.909095764160156,12.337158203125,288.6331481933594,288.5622863769531,1.9763755798339844,11.020772933959961,293.676513671875,291.1872863769531,-2.2314815521240234,5.408950805664063,0.0,-0.0038776397705078134,0.0173184871673584,101715.0,149.6653289794922,12.75,0.0,0.0,0.0,0.0,0.0,0.0,0.0,0.0,0.0,0.0,0.0,0.0,0.0,-2.70413589477539,5.524852752685547,100650.0,92.27650451660156,297.1721649169922,0.0,45.90000000000001,0.0,0.0,0.0,0.0,294.83018493652344,294.30458068847656,0.01315,291.50486755371094,84.10000000000002,-1.7575769424438477,3.5828838348388667,4.0057609071955085,-1.7575769424438477,3.5828838348388667,-50.0,0.0,0.0,0.0,0.0,0.0,0.0,0.0,0.0,0.0,0.0,0.0,0.2916,0.31,100.0,160.0,30.0,8.0,-4.9,670.0,-10.0,32.15749096870423,100.0,0.0,0.0,100.0,95600.0,538.376386642456,387.84842681884766,88500.0,1468.3001556396484,258.5,21.4,415.6,2.125,411.162841796875,0.0,21.4,776.1,144.0,93.0,3.97722053527832,1.8352012634277344,4.936424255371094,7.3034515380859375,21.554100036621094,-1.736398696899414,3993.6,32.0,63000.0,3990.0,31.0,62900.0,5250.0,6570.0,-4.5,570.0
18,0,2019,3,9,6.1875,-999.0,0.0064,20300.0,-10.0,-10.0,-10.0,8.802909880876541,52.17727088928223,11.03207778930664,45.61759567260742,8.434083938598633,5784.400390625,258.896240234375,251.62478637695312,17.72753143310547,7.915374755859375,3128.96435546875,279.57940673828125,258.81228637695307,8.730331420898438,13.653804779052734,1524.6572265625,283.75555419921875,283.3122863769531,2.8006305694580083,11.48453140258789,288.803955078125,287.3747863769531,0.6380233764648438,10.814468383789062,294.9587097167969,290.4372863769531,-2.0529956817626958,5.717148780822754,0.0,-0.014632701873779297,0.02988147735595703,101644.0,142.96363830566406,5.125,0.0,0.0,0.0,0.0,0.0,0.0,0.0,0.0,0.0,0.0,0.0,0.0,0.0,-2.2429561614990234,6.1698150634765625,100580.0,92.27650451660156,296.83282470703125,0.0,38.8,0.0,0.0,0.0,0.0,295.9585266113281,295.52264404296875,0.012600000000000002,290.8391418457031,73.8,-1.550008773803711,4.1814727783203125,4.4416809137910604,-1.550008773803711,4.1814727783203125,-50.0,0.0,0.0,0.0,0.0,0.0,0.0,0.0,0.0,0.0,0.0,0.0,0.2916,0.32,30.0,130.0,10.0,8.0,-4.6000000000000005,620.0,-10.0,30.018378257751465,98.375,15.625,20.875,98.375,88500.0,1188.0222244262695,953.8372535705566,85700.0,1778.9454956054688,256.2,38.0,414.70000000000016,3.75,409.2770233154297,0.0,37.5,793.2,153.0,79.0,4.998022079467773,2.1356163024902344,3.5473709106445312,6.947822570800781,20.064048767089844,0.9423999786376952,4024.32,25.0,62800.0,4020.0,25.0,62700.0,5270.0,6690.0,-3.9,440.0
19,0,2019,3,9,-0.625,-999.0,0.0032,22800.0,-10.0,-10.0,-10.0,9.381333619356157,54.86613464355469,9.293132781982422,46.49337768554688,7.697868347167969,5779.859375,258.53884887695307,252.87478637695312,17.23691177368164,9.099895477294922,3124.77001953125,279.45187377929693,258.68728637695307,8.692779541015625,15.543323516845705,1520.57421875,283.95652770996094,280.68728637695307,2.6203269958496094,11.195268630981444,289.34519958496094,288.4468688964844,-0.08871841430664062,10.953372955322266,296.6250915527344,290.8277893066406,-0.9341316223144532,7.3083648681640625,0.0,-0.009484291076660156,-0.01794135570526123,101545.0,135.19483947753906,0.0,0.0,0.0,0.0,0.0,0.0,0.0,0.0,0.0,0.0,0.0,0.0,0.0,0.0,-0.9160728454589844,8.374357223510742,100490.0,92.27650451660156,297.3888244628906,0.0,27.70000000000001,0.0,0.0,0.0,0.0,297.1347198486328,296.74615478515625,0.0128,291.0746307373047,69.0,-0.3324794769287109,5.6364097595214835,5.629971700254828,-0.3324794769287109,5.6364097595214835,-50.0,0.0,0.0,0.0,0.0,0.0,0.0,0.0,0.0,0.0,0.0,0.0,0.2916,0.38,10.0,110.0,-50.0,8.0,-6.0,990.0,0.0,30.277962386608124,11.625,9.75,0.625,11.625,--,--,956.9396743774414,--,--,268.90000000000003,801.0,365.1,80.375,412.5317687988281,841.0,145.8,131.3,129.0,55.0,5.537445068359375,3.128149032592773,2.216029167175293,5.3777809143066415,18.283161163330078,1.3283920288085938,4028.16,24.0,62700.0,4030.0,24.0,62600.0,5240.0,6600.0,-5.6000000000000005,830.0
20,0,2019,3,9,14.125,-999.0,0.028800000000000006,22000.0,-10.0,-0.8125,3.8125,10.996385350823402,54.2917594909668,6.5142364501953125,44.26411819458008,6.513511657714844,5779.40673828125,258.582046508789,255.81228637695312,17.70281982421875,10.324605941772461,3128.43115234375,280.3223876953125,259.49978637695307,12.72681999206543,13.854991912841795,1517.5328369140625,284.69764709472656,281.6872863769531,2.21841049194336,13.966773986816404,289.63336181640625,287.5157928466797,-0.36319732666015625,12.700437545776367,295.952392578125,290.5410919189453,-1.242197036743164,8.432674407958983,0.0,0.030521392822265625,0.009407877922058105,101503.0,131.43617248535156,0.0,8.3125,0.0,0.0,0.0,0.0,0.0,0.0,0.0,0.0,0.0,0.0,0.0,0.0,-1.3369483947753906,9.766502380371094,100440.0,92.27650451660156,299.9118194580078,0.0,18.0,0.0,0.0,0.0,0.0,297.3642883300781,297.0012512207031,0.01264,290.88360595703125,70.0,-0.8166933059692383,6.720944404602051,6.757729576900601,-0.8166933059692383,6.720944404602051,-50.0,0.0,0.0,0.0,0.0,0.0,0.0,0.0,0.0,0.0,0.0,0.0,0.2916,0.49,140.0,120.0,-10.0,8.0,-5.5,910.0,-19.0,30.703711420297623,0.0,99.125,55.375,99.125,57700.0,4690.597995758057,5960.7685470581055,33300.0,9065.63729095459,187.2,32.0,392.5,3.25,426.5832061767578,4.0,29.5,739.3000000000003,225.0,69.0,6.7544498443603525,3.9553146362304688,1.6379070281982422,6.573354721069336,19.333595275878906,1.743854522705078,3992.0,38.0,63000.0,3990.0,38.0,62900.0,5110.0,6780.0,-4.800000000000002,680.0
21,0,2019,3,9,8.0625,-999.0,0.0112,28900.0,-10.0,-8.5,-0.625,12.546787708997725,49.06987190246582,4.725631713867188,37.43229293823242,2.08646011352539,5785.52099609375,259.53176879882807,258.12478637695307,21.147117614746094,7.117961883544923,3133.67529296875,279.74481201171875,265.06228637695307,15.84636116027832,11.228227615356444,1510.89794921875,286.8986511230469,277.93728637695307,2.045757293701172,16.322893142700195,290.09100341796875,284.9372863769531,-3.0721492767333984,14.303096771240234,295.9975280761719,287.93309020996094,-2.412805557250977,8.934130668640137,0.0,0.01321697235107422,0.02174663543701172,101412.0,122.37554168701172,0.0,4.0625,0.0,0.0,0.0,0.0,0.0,0.0,0.0,0.0,0.0,0.0,0.0,0.0,-2.8002490997314453,10.631547927856444,100350.0,92.27650451660156,299.5470123291016,0.0,14.9,0.0,0.0,0.0,0.0,297.1930236816406,296.87738037109375,0.01064,288.1938171386719,59.40000000000001,-1.784870147705078,7.159821510314941,7.376965258037671,-1.784870147705078,7.159821510314941,-50.0,0.0,0.0,0.0,0.0,0.0,0.0,0.0,0.0,0.0,0.0,0.0,0.2916,0.52,140.0,150.0,10.0,8.0,-1.6,140.0,-250.0,27.967111825942997,4.5,50.125,0.0,50.125,57600.0,4694.917068481445,5401.330020904541,45000.0,6469.154724121094,238.1,391.8,369.70000000000016,39.375,424.6082763671875,568.0,75.7,254.4,342.0,68.0,5.059337615966797,4.206993103027344,0.17840003967285156,7.824989318847656,24.62744140625,-3.022911071777344,3899.04,57.0,63800.0,3900.0,57.0,63700.0,5230.0,6700.0,-1.0,60.0
22,0,2019,3,9,-10.0,-999.0,0.0,23100.0,-10.0,-10.0,-10.0,9.942645952105524,38.92024803161621,-0.6726226806640625,30.64011001586914,-1.7428016662597656,5780.529296875,259.83331298828125,255.93728637695312,22.699016571044922,3.961259841918945,3124.578857421875,280.35821533203125,258.68728637695307,15.878582000732422,15.165603637695312,1514.61279296875,284.825439453125,279.56228637695307,3.3942928314208984,12.553956985473633,289.68115234375,285.3131408691406,1.8652572631835933,11.49513053894043,295.5750732421875,289.6899719238281,0.1553201675415039,7.731637954711914,0.0,-0.012686491012573242,0.025425553321838386,101487.0,129.96784973144528,0.0,0.0,0.0,0.0,0.0,0.0,0.0,0.0,0.0,0.0,0.0,0.0,0.0,0.0,0.4758186340332031,8.879823684692383,100430.0,92.27650451660156,297.9010162353516,0.0,11.3,0.0,0.0,0.0,0.0,296.4971008300781,296.20306396484375,0.01213,290.21241760253906,69.3,0.14451313018798828,6.118338584899902,6.125910825154277,0.14451313018798828,6.118338584899902,-50.0,0.0,0.0,0.0,0.0,0.0,0.0,0.0,0.0,0.0,0.0,0.0,0.2916,0.43,69.0,70.0,20.0,8.0,-3.3000000000000003,550.0,-47.0,28.00907623767853,0.0,0.0,0.0,0.0,--,--,--,--,--,276.0,338.3,352.20000000000016,34.0,415.23072814941406,666.0,85.2,83.5,208.0,45.0,5.873115539550781,3.0431785583496094,2.160175323486328,5.78155517578125,23.5391845703125,-5.574777603149414,3968.96,46.0,63200.0,3970.0,45.0,63000.0,5270.0,6800.0,-1.7000000000000002,140.0
23,0,2019,3,9,-10.0,-999.0,0.0,25400.0,-10.0,-10.0,-10.0,8.775750100612639,34.20363998413086,-0.19182205200195312,27.61623764038086,-1.0994415283203125,5789.3984375,260.268798828125,257.24978637695307,22.71547508239746,5.525470733642578,3131.892333984375,279.9713134765625,265.99978637695307,17.421777725219727,12.577852249145508,1516.5888671875,285.8628845214844,275.12478637695307,2.1599273681640625,12.37722396850586,289.1417236328125,285.8747863769531,-0.47259521484375,10.70351791381836,295.2691955566406,288.5622863769531,-1.1175537109375,6.786879539489746,0.0,0.004076004028320313,0.030573606491088867,101512.0,132.09490203857422,0.0,0.0,0.0,0.0,0.0,0.0,0.0,0.0,0.0,0.0,0.0,0.0,0.0,0.0,-1.14910888671875,7.818840026855469,100450.0,92.27650451660156,295.7486114501953,0.0,9.9,0.0,0.0,0.0,0.0,295.70416259765625,295.2818298339844,0.011059999999999999,288.8013153076172,65.0,-0.8662872314453125,5.084381103515625,5.194249289110303,-0.8662872314453125,5.084381103515625,-50.0,0.0,0.0,0.0,0.0,0.0,0.0,0.0,0.0,0.0,0.0,0.0,0.2916,0.36,2.0,50.0,70.0,8.0,-1.1,50.0,-181.0,27.549313336610798,0.0,0.0,0.0,0.0,--,--,--,--,--,274.2,120.7,348.8,12.125,403.33673095703125,381.0,54.1,48.2,264.0,53.0,6.36912727355957,2.0452861785888667,0.9426536560058594,6.246528625488281,25.15761566162109,-2.1966285705566406,4009.28,47.0,62900.0,4010.0,46.0,62800.0,5320.0,6870.0,-0.9,40.0
