Hour,Minute,Year,Month,Date,ATT1,ATT2,ATT3,ATT4,ATT5,ATT6,ATT7,ATT8,ATT9,ATT10,ATT11,ATT12,ATT13,ATT14,ATT15,ATT16,ATT17,ATT18,ATT19,ATT20,ATT21,ATT22,ATT23,ATT24,ATT25,ATT26,ATT27,ATT28,ATT29,ATT30,ATT31,ATT32,ATT33,ATT34,ATT35,ATT36,ATT37,ATT38,ATT39,ATT40,ATT41,ATT42,ATT43,ATT44,ATT45,ATT46,ATT47,ATT48,ATT49,ATT50,ATT51,ATT52,ATT53,ATT54,ATT55,ATT56,ATT57,ATT58,ATT59,ATT60,ATT61,ATT62,ATT63,ATT64,ATT65,ATT66,ATT67,ATT68,ATT69,ATT70,ATT71,ATT72,ATT73,ATT74,ATT75,ATT76,ATT77,ATT78,ATT79,ATT80,ATT81,ATT82,ATT83,ATT84,ATT85,ATT86,ATT87,ATT88,ATT89,ATT90,ATT91,ATT92,ATT93,ATT94,ATT95,ATT96,ATT97,ATT98,ATT99,ATT100,ATT101,ATT102,ATT103,ATT104,ATT105,ATT106,ATT107,ATT108,ATT109,ATT110,ATT111,ATT112,ATT113,ATT114,ATT115,ATT116,ATT117,ATT118,ATT119,ATT120,ATT121,ATT122,ATT123,ATT124,ATT125,ATT126,ATT127,ATT128,ATT129,ATT130,ATT131,ATT132
0,0,2018,8,15,24.0,2032.6,0.08,21200.0,14.5,-10.0,-10.0,1.0476782135665417,0.5296173095703125,-4.827709197998047,1.4671745300292969,-3.792030334472656,5911.79248046875,266.15817260742193,264.74978637695307,1.6267852783203125,-5.1024131774902335,3200.633544921875,282.09747314453125,279.81228637695307,-1.4174118041992188,-6.610795974731445,1562.241455078125,291.1063537597656,289.8747863769531,2.663939476013184,-4.818814277648926,296.2668151855469,293.4687957763672,1.4214601516723633,-1.9049415588378904,300.86004638671875,295.90740966796875,-0.4842758178710938,-0.3419189453125,0.0,0.021735668182373047,0.005544662475585938,101584.0,139.68351316452026,0.3125,0.0,0.0,0.0,0.0,0.0,0.0,0.0,0.0,0.0,0.0,0.0,0.0,0.0,0.5928287506103516,-0.7744121551513672,100780.0,70.52650451660156,298.7342529296875,0.0,100.0,0.2,0.0,0.0,0.0,299.65966796875,298.9789123535156,0.017910000000000002,296.5044250488281,75.2,0.6822118759155273,-0.7640972137451172,1.06453668884933,0.6822118759155273,-0.7640972137451172,-50.0,0.0,0.0,0.0,0.0,0.0,0.0,0.0,0.0,0.0,0.0,0.0,0.2655,0.03,0.0,3.0,180.0,8.0,-6.0,1960.0,-20.0,60.39958560466766,24.25,29.0,0.625,29.0,17200.0,13403.08811378479,--,17200.0,--,177.20000000000005,31.5,424.5,4.375,420.1525573730469,2.0,31.4,53.40000000000001,69.0,31.70000000000001,-6.639281272888184,-5.8053836822509775,1.1379947662353516,-3.243422508239746,1.051412582397461,-4.106416702270509,4788.288593750001,94.0,57600.0,4790.0,93.0,57600.0,6390.0,8110.0,-7.0,2320.0
1,0,2018,8,15,35.25,10367.4,1.656,12200.0,24.0,33.5,32.0,5.0286380350589726,-6.0285911560058585,1.6784610748291016,-4.3253726959228525,-0.27625083923339844,5910.66845703125,267.83209228515625,266.74978637695307,0.43599605560302734,-1.9124984741210933,3194.88134765625,281.56256103515625,280.68728637695307,1.0466175079345703,-8.767511367797853,1556.44677734375,291.13775634765625,290.3747863769531,2.670787811279297,-6.542158126831055,294.56964111328125,293.47496032714844,-0.55316162109375,-5.6635398864746085,297.0823974609375,296.3594665527344,-1.6739072799682615,-2.76028060913086,0.0,-0.03638601303100586,0.027417778968811042,101624.0,141.90326213836667,18.1875,26.3125,0.0,0.0,0.0,0.0,0.0,0.0,0.0,0.0,0.009609999999999999,0.0,1.1,0.0,-2.5813140869140625,-1.407562255859375,100850.0,70.52650451660156,299.0367431640625,0.0,74.2,0.2,0.0,0.0,0.0,297.7552795410156,297.01678466796875,0.017820000000000003,296.4887390136719,94.3,-1.8411989212036133,-0.8698921203613281,2.0004425174265634,-1.8411989212036133,-0.8698921203613281,-50.0,0.0,0.0,0.0,0.0,0.0,0.0,0.0,0.0,0.0,0.0,0.0,0.2655,0.15,30.0,40.0,-40.0,8.0,-3.2,740.0,-20.0,64.00070106983185,1.125,28.75,30.375,30.375,57800.0,4763.89178276062,162.4437370300293,22800.0,12397.194038391113,140.3,0.0,423.0,0.0,421.55950927734375,0.0,0.0,0.0,26.0,2.0,-0.11533737182617188,-13.515932083129885,3.718303680419922,-5.632040023803711,2.837299346923828,-0.18011093139648438,4836.5159375,100.0,57200.0,4840.0,100.0,57200.0,6740.0,8470.0,-4.3,1360.0
2,0,2018,8,15,22.5625,5714.200000000003,0.242,13100.0,9.8125,18.625,0.3125,2.929298099130392,-1.4812088012695312,-1.723772048950195,0.916900634765625,-3.116901397705078,5910.85009765625,266.55996704101557,265.93728637695307,0.941054344177246,-4.7775840759277335,3203.044677734375,281.19976806640625,279.81228637695307,-4.0012264251708975,-5.831573486328125,1566.542724609375,291.4082946777344,290.3122863769531,-0.09979724884033203,-6.100357055664063,296.0428161621094,293.8122863769531,-1.8813123703002927,-3.289844512939453,297.3359375,296.1247863769531,-1.086782455444336,-1.4265518188476562,0.0,-0.002433300018310547,-0.01484072208404541,101694.0,147.83245658874512,0.0,5.9375,0.0,0.0,0.0,0.0,0.0,0.0,0.0,0.0,0.0,0.0,0.0,0.0,-1.2679576873779297,-1.1885433197021484,100890.0,70.52650451660156,297.9920349121094,0.0,71.60000000000002,0.2,0.0,0.0,0.0,297.8398742675781,297.10870361328125,0.017720000000000003,296.3694610595703,91.7,-0.479395866394043,-0.7471513748168945,0.8758642711327411,-0.479395866394043,-0.7471513748168945,-50.0,0.0,0.0,0.0,0.0,0.0,0.0,0.0,0.0,0.0,0.0,0.0,0.2655,0.05,0.0,6.0,20.0,8.0,-4.3,1070.0,-70.0,62.31876105070114,0.0,42.125,29.875,42.125,62600.0,4120.040832519531,--,38600.0,--,223.1,0.0,423.9,0.0,415.80950927734375,0.0,0.0,0.0,24.0,8.200000000000001,-7.2151126861572275,-9.348443984985352,-1.0522232055664062,-3.564672470092773,3.033100128173828,-3.1136016845703125,4753.52359375,94.0,57900.0,4750.0,94.0,57800.0,6460.0,8120.0,-6.2,2110.0
3,0,2018,8,15,11.5625,-999.0,0.004,13500.0,-10.0,-10.0,-10.0,3.2854593247175217,0.33496856689453125,-2.2353439331054688,2.083669662475586,-2.6273422241210938,5917.6005859375,266.36346435546875,266.12478637695307,-0.05698394775390625,-4.9884910583496085,3207.7177734375,281.626953125,279.31228637695307,-4.764060020446777,-4.898489952087402,1570.8536376953125,291.58026123046875,289.4372863769531,-0.5805196762084961,-7.317424774169923,297.15081787109375,292.9997863769531,-3.4467811584472656,-3.984073638916016,297.451171875,295.8122863769531,-2.208486557006836,0.08785438537597656,0.0,0.02360677719116211,-0.030440330505371094,101705.0,150.55745697021484,2.375,0.0,0.0,0.0,0.0,0.0,0.0,0.0,0.0,0.0,0.0,0.0,0.0,0.0,-2.178659439086914,-0.2510700225830078,100900.0,70.52650451660156,297.7437438964844,0.0,71.9,0.2,0.0,0.0,0.0,297.7261962890625,297.0264892578125,0.01754,296.1872863769531,90.9,-0.9274911880493164,-0.051700592041015625,0.9393372982740402,-0.9274911880493164,-0.051700592041015625,-50.0,0.0,0.0,0.0,0.0,0.0,0.0,0.0,0.0,0.0,0.0,0.0,0.2655,0.06,0.0,7.0,40.0,8.0,-4.5,940.0,-110.0,60.183416843414314,0.0,39.875,26.25,39.875,53100.0,5456.287168502808,4776.718391418457,48800.0,6713.780506134033,236.4,0.0,418.5,0.0,414.3509826660156,0.0,0.0,0.0,24.0,14.3,-9.04295539855957,-8.079250335693361,-1.643636703491211,-5.415597915649414,2.550708770751953,-3.940017700195313,4779.6059375,96.0,57700.0,4780.0,96.0,57700.0,6450.0,8140.0,-6.2,1950.0
4,0,2018,8,15,-10.0,-999.0,0.0,300.0,-10.0,-10.0,-10.0,3.725696723908186,0.651611328125,-2.646661758422852,2.1543731689453125,-2.8111286163330083,5906.05419921875,266.685791015625,265.56228637695307,0.3671703338623047,-5.841808319091798,3199.26025390625,281.3056640625,280.18728637695307,-5.631239891052246,-3.3223791122436523,1563.1412353515625,291.4267272949219,289.4372863769531,-1.498779296875,-6.405607223510742,296.62872314453125,292.8122863769531,-3.519883155822754,-0.8408927917480469,296.57861328125,296.3747863769531,-1.993803024291992,1.9511032104492188,0.0,-0.02337074279785156,0.021593093872070312,101656.0,144.04730796813962,0.0,0.0,0.0,0.0,0.0,0.0,0.0,0.0,0.0,0.0,0.0,0.0,0.0,0.0,-2.2356414794921875,2.3705406188964844,100840.0,70.52650451660156,297.366455078125,0.0,69.4,0.2,0.0,0.0,0.0,297.1768493652344,296.4920654296875,0.01745,296.1247863769531,93.8,-0.7913331985473633,1.0613069534301758,1.3162442150060087,-0.7913331985473633,1.0613069534301758,-50.0,0.0,0.0,0.0,0.0,0.0,0.0,0.0,0.0,0.0,0.0,0.0,0.2655,0.09,2.0,9.0,30.0,8.0,-3.7,1370.0,-60.0,61.06469142436981,64.0,70.25,23.75,70.25,100700.0,92.39972305297852,110.88775253295898,53000.0,6082.098480224609,232.1,0.0,438.3,0.0,412.1748962402344,0.0,0.0,0.0,35.0,9.7,-10.047099113464355,-5.1965980529785165,-1.809551239013672,-4.3623695373535165,3.32208251953125,-7.758893966674805,4710.4990625,100.0,58200.0,4710.0,100.0,58100.0,6590.0,8110.0,-5.2,1690.0
5,0,2018,8,15,-10.0,-999.0,0.0,600.0,-10.0,-10.0,-10.0,3.111233603209257,1.353778839111328,-1.646270751953125,2.6448421478271484,-1.4203205108642578,5908.36328125,266.93487548828125,264.68728637695307,0.7155857086181641,-5.314140319824219,3200.516357421875,281.6717529296875,279.62478637695307,-5.336341857910156,-1.6769084930419922,1563.6324462890625,291.31146240234375,289.4997863769531,-3.304916381835937,-5.769489288330077,296.2690124511719,292.8966979980469,-3.734726905822754,0.1516551971435547,296.5078430175781,296.3203430175781,-1.7077980041503906,0.7681388854980469,0.0,0.020277023315429688,-0.014178991317749025,101676.0,145.95649337768558,0.0,0.0,0.0,0.0,0.0,0.0,0.0,0.0,0.0,0.0,0.0,0.0,0.0,0.0,-1.8186054229736328,0.9280662536621094,100870.0,70.52650451660156,297.4476013183594,0.0,67.60000000000001,0.2,0.0,0.0,0.0,297.1275329589844,296.4280090332031,0.017890000000000003,296.5265808105469,96.3,-0.5480718612670898,0.3508243560791016,0.6886276088189334,-0.5480718612670898,0.3508243560791016,-50.0,0.0,0.0,0.0,0.0,0.0,0.0,0.0,0.0,0.0,0.0,0.0,0.2655,0.06,3.0,4.0,20.0,8.0,-4.0,1400.0,-40.0,59.73565101623535,64.0,22.25,12.5,64.0,100800.0,92.34275436401367,110.93156814575195,97600.0,534.2817230224609,267.90000000000003,0.0,436.0,0.0,412.6123046875,0.0,0.0,0.0,7.0,-5.8000000000000025,-9.831400871276855,-5.613889694213867,-2.9510860443115234,-2.587631225585937,3.7507724761962886,-6.332855224609375,4702.168125,100.0,58200.0,4700.0,100.0,58200.0,6590.0,8090.0,-4.800000000000002,1570.0
6,0,2018,8,15,-10.0,-999.0,0.0,12200.0,-10.0,-10.0,-10.0,3.0515610799193382,1.8641929626464844,-0.7438926696777344,2.7228260040283203,-0.8796863555908203,5910.02880859375,267.04165649414057,263.3895263671875,0.6679506301879883,-4.218982696533203,3200.059326171875,281.885009765625,279.37478637695307,-4.5092363357543945,-1.5089492797851562,1562.023193359375,291.2432861328125,289.3747863769531,-4.544763565063477,-4.292630195617677,296.2856750488281,292.5300750732422,-3.07351303100586,0.9774274826049804,296.59173583984375,296.3289489746094,-1.59918212890625,0.5469093322753906,0.0,-0.006267547607421875,-0.02585148811340332,101662.0,144.90289306640625,0.0,0.0,0.0,0.0,0.0,0.0,0.0,0.0,0.0,0.0,0.0,0.0,0.0,0.0,-1.5777244567871094,0.6060352325439453,100850.0,70.52650451660156,297.40557861328125,0.0,66.0,0.2,0.0,0.0,0.0,297.1484680175781,296.4834289550781,0.01784,296.4507751464844,95.8,-0.5111837387084961,0.24326038360595706,0.5649062562733889,-0.5111837387084961,0.24326038360595706,-50.0,0.0,0.0,0.0,0.0,0.0,0.0,0.0,0.0,0.0,0.0,0.0,0.2655,0.05,2.0,5.0,20.0,8.0,-3.8,1090.0,-60.0,57.65440213680267,31.5,0.0,1.125,31.5,--,--,162.56678009033203,--,--,270.0,0.0,403.1,0.0,412.5121154785156,0.0,0.0,0.0,-1.0,-8.8,-9.508197784423828,-5.234384536743164,-2.989078521728516,-1.623504638671875,3.299407958984375,-5.1085166931152335,4723.355625,95.0,58100.0,4720.0,95.0,58100.0,6570.0,8100.0,-4.2,1300.0
7,0,2018,8,15,-10.0,-999.0,0.0,12200.0,-10.0,-10.0,-10.0,2.6738582625985146,3.4567852020263667,-0.33211708068847656,2.8423995971679688,-0.6661643981933594,5905.78173828125,266.7577514648437,262.92938232421875,0.4288978576660156,-3.654121398925781,3196.641357421875,281.9658203125,278.93728637695307,-4.529520034790039,-1.869863510131836,1558.10400390625,291.24932861328125,288.5622863769531,-4.807394027709961,-2.499013900756836,296.3804931640625,291.5118560791016,-2.1606616973876958,1.7068099975585938,296.3839111328125,295.8175201416016,-1.3932018280029297,0.32317352294921875,0.0,-0.01996612548828125,0.01067662239074707,101626.0,141.8342571258545,0.0,0.0,0.0,0.0,0.0,0.0,0.0,0.0,0.0,0.0,0.0,0.0,0.0,0.0,-1.42626953125,0.4309215545654297,100820.0,70.52650451660156,296.8393859863281,0.0,64.60000000000001,0.2,0.0,0.0,0.0,296.74859619140625,296.09698486328125,0.01729,295.9372863769531,95.0,-0.24144554138183594,-0.05869960784912109,0.251033328124322,-0.24144554138183594,-0.05869960784912109,-50.0,0.0,0.0,0.0,0.0,0.0,0.0,0.0,0.0,0.0,0.0,0.0,0.2655,0.01,0.0,0.0,20.0,8.0,-3.2,710.0,-80.0,54.65707242488861,43.5,0.0,5.5,43.5,--,--,162.4016456604004,--,--,271.2,0.0,398.3,0.0,409.1880340576172,0.0,0.0,0.0,-6.0,-14.0,-9.50575065612793,-4.3660030364990225,-2.7708415985107417,-0.06975746154785156,2.407888412475586,-4.5027923583984375,4711.113125,92.0,58200.0,4710.0,91.0,58100.0,6520.0,8080.0,-3.6,830.0
8,0,2018,8,15,-10.0,-999.0,0.0,12200.0,-10.0,-10.0,-10.0,2.1551327873021364,6.291219711303711,-0.37290000915527344,3.86248779296875,-1.1879234313964844,5899.6494140625,266.498046875,263.0393218994141,0.3855152130126953,-3.3143348693847656,3193.328125,281.7417297363281,278.81228637695307,-4.3476171493530265,-1.9904956817626955,1555.565185546875,291.2033386230469,287.81568908691406,-4.460663795471191,-0.9850358963012696,296.2216796875,290.8898468017578,-1.0531005859375,2.346970558166504,296.0657958984375,295.3973388671875,-0.8547382354736328,0.3322849273681641,0.0,-0.021963119506835938,-0.03009772300720215,101612.0,140.3102035522461,0.0,0.0,0.0,0.0,0.0,0.0,0.0,0.0,0.0,0.0,0.0,0.0,0.0,0.0,-0.8985843658447266,0.3746757507324219,100800.0,70.52650451660156,296.2063293457031,0.0,63.40000000000001,0.2,0.0,0.0,0.0,296.173583984375,295.50665283203125,0.01676,295.4676208496094,95.6,-0.002730369567871093,-0.0890350341796875,0.06401631573680787,-0.002730369567871093,-0.0890350341796875,-50.0,0.0,0.0,0.0,0.0,0.0,0.0,0.0,0.0,0.0,0.0,0.0,0.2655,0.01,0.0,0.0,10.0,8.0,-2.5,490.0,-100.0,53.02601683139801,29.75,0.0,20.125,29.75,--,--,162.18970108032227,--,--,271.0,0.0,393.9,0.0,405.78309631347656,0.0,0.0,0.0,-4.7,-16.2,-9.526168823242188,-2.9199790954589844,-2.18157958984375,0.9349250793457032,1.5655288696289062,-4.380373001098634,4661.0440625,92.0,58500.0,4660.0,92.0,58400.0,6490.0,8060.0,-3.2,580.0
9,0,2018,8,15,-10.0,-999.0,0.0,12200.0,-10.0,-10.0,-10.0,0.9367242529988288,6.15617561340332,-0.7838726043701172,4.024372100830078,-1.6539344787597656,5901.27685546875,266.63497924804693,262.14303588867193,0.7097854614257812,-2.8265914916992188,3195.3076171875,281.76300048828125,278.31228637695307,-4.079692840576172,-1.3772125244140625,1557.9268798828125,291.30487060546875,287.0509185791016,-4.322951316833496,0.048829078674316406,296.2056884765625,290.2576904296875,-0.19556808471679688,2.387166976928711,295.9929504394531,295.3804626464844,-0.6819248199462891,0.17086315155029294,0.0,0.026801586151123047,-0.023723840713500977,101640.0,142.90891075134275,0.0,0.0,0.0,0.0,0.0,0.0,0.0,0.0,0.0,0.0,0.0,0.0,0.0,0.0,-0.7751007080078125,0.2419328689575196,100830.0,70.52650451660156,295.6349029541016,0.0,62.40000000000001,0.2,0.0,0.0,0.0,295.6875915527344,294.9853210449219,0.016659999999999998,295.3492126464844,96.8,-0.1703662872314453,-0.11723136901855467,0.18954113707877696,-0.1703662872314453,-0.11723136901855467,-50.0,0.0,0.0,0.0,0.0,0.0,0.0,0.0,0.0,0.0,0.0,0.0,0.2655,0.01,0.0,0.0,35.0,8.0,-2.2,440.0,-100.0,50.99777615070343,44.5,0.0,21.375,44.5,--,--,162.13720321655273,--,--,271.90000000000003,0.0,390.70000000000016,0.0,402.8318328857422,0.0,0.0,0.0,-8.4,-16.1,-9.141895294189453,-2.604503631591797,-1.444448471069336,1.44921875,1.4189376831054688,-3.9761180877685534,4658.06609375,88.0,58500.0,4660.0,88.0,58500.0,6520.0,8060.0,-2.9000000000000004,480.0
10,0,2018,8,15,-10.0,-999.0,0.0,12200.0,-10.0,-10.0,-10.0,0.6573140136897564,4.2836647033691415,-1.7924079895019531,2.8652381896972656,-2.3481731414794917,5903.3720703125,267.04190063476557,262.99978637695307,-0.044571876525878906,-2.922554016113281,3196.197265625,281.69140625,279.74978637695307,-2.567403793334961,-1.4248018264770508,1558.4700927734375,291.4862976074219,285.7071838378906,-2.5387887954711914,0.1804332733154297,295.42767333984375,291.10284423828125,0.4149808883666992,3.1129446029663086,296.6033935546875,295.8863220214844,-0.5319852828979492,0.3848381042480469,0.0,-0.01928186416625977,-0.008970260620117188,101648.0,143.69721794128418,0.0,0.0,0.0,0.0,0.0,0.0,0.0,0.0,0.0,0.0,0.0,0.0,0.0,0.0,-0.6450643539428711,0.3652992248535156,100840.0,70.52650451660156,295.1994934082031,0.0,61.5,0.2,0.0,0.0,0.0,295.3332824707031,294.625732421875,0.01634,295.0646514892578,96.5,-0.459218978881836,0.0420379638671875,0.44040491711348295,-0.459218978881836,0.0420379638671875,-50.0,0.0,0.0,0.0,0.0,0.0,0.0,0.0,0.0,0.0,0.0,0.0,0.2655,0.01,0.0,0.0,30.0,8.0,-1.3,930.0,-50.0,52.578559517860405,45.125,0.0,0.0,45.125,--,--,110.72534561157227,--,--,268.90000000000003,0.0,392.1,0.0,400.36204528808594,0.0,0.0,0.0,0.4,-21.3,-8.750617980957031,-0.6672248840332031,-0.008504867553710938,2.2718372344970703,0.4337329864501953,-4.125511169433594,4690.86953125,76.0,58300.0,4690.0,76.0,58200.0,6570.0,8100.0,-3.4000000000000004,910.0
11,0,2018,8,15,-10.0,-999.0,0.0,12200.0,-10.0,-10.0,-10.0,0.900547094643116,3.9717884063720703,-1.8424072265625,2.493213653564453,-2.44131088256836,5903.3544921875,266.816162109375,262.62478637695307,0.0867300033569336,-2.974689483642578,3196.767822265625,281.66705322265625,279.7594451904297,-2.5920801162719727,-1.7291345596313477,1559.690673828125,291.28790283203125,285.8238983154297,-2.0660991668701167,0.27017974853515625,295.26513671875,291.3761291503906,0.9924049377441406,2.8428325653076167,296.52813720703125,295.8248596191406,-0.6970443725585938,0.2062225341796875,0.0,0.0015964508056640625,0.020158052444458008,101671.0,145.81014251708984,0.0,0.0,0.0,0.0,0.0,0.0,0.0,0.0,0.0,0.0,0.0,0.0,0.0,0.0,-0.8609943389892578,0.19574642181396484,100860.0,70.52650451660156,294.9657897949219,0.0,60.6,0.2,0.0,0.0,0.0,295.1685791015625,294.4202575683594,0.01626,294.9498596191406,96.7,-0.6995658874511719,-0.01578998565673828,0.7529990121256559,-0.6995658874511719,-0.01578998565673828,-50.0,0.0,0.0,0.0,0.0,0.0,0.0,0.0,0.0,0.0,0.0,0.0,0.2655,0.02,0.0,-1.0,30.0,8.0,-1.5,920.0,-40.0,52.470370650291436,29.75,0.0,0.0,29.75,--,--,110.76930236816406,--,--,268.90000000000003,0.0,392.1,0.0,399.2984924316406,0.0,0.0,0.0,4.3,-17.1,-8.545646667480469,-1.1030426025390625,0.8623552322387695,2.2754230499267583,0.5921745300292969,-4.0003013610839835,4703.72171875,70.0,58200.0,4700.0,70.0,58200.0,6520.0,8080.0,-3.5,900.0
12,0,2018,8,15,-10.0,-999.0,0.0,12200.0,-10.0,-10.0,-10.0,1.3894913140684366,4.951194763183594,-0.29796600341796875,3.250904083251953,-1.264852523803711,5905.40380859375,266.52487182617193,262.3072967529297,0.6514778137207031,-2.7220230102539062,3200.242431640625,281.61029052734375,279.56228637695307,-2.672770500183105,-1.125314712524414,1563.7349853515625,291.09185791015625,285.8367614746094,-1.81390380859375,0.9451541900634766,295.2758483886719,291.1265869140625,1.112680435180664,2.620880126953125,296.5130310058594,295.84637451171875,-1.1747722625732422,-0.19915008544921875,0.0,0.013825416564941406,-0.019239425659179688,101724.0,150.35772323608396,0.0,0.0,0.0,0.0,0.0,0.0,0.0,0.0,0.0,0.0,0.0,0.0,0.0,0.0,-1.4056015014648438,-0.2666635513305664,100920.0,70.52650451660156,295.89654541015625,0.0,59.90000000000001,0.2,0.0,0.0,0.0,295.56793212890625,294.84259033203125,0.01643,295.1425323486328,97.1,-0.5460491180419922,-0.10402679443359376,0.5639593616360798,-0.5460491180419922,-0.10402679443359376,-50.0,0.0,0.0,0.0,0.0,0.0,0.0,0.0,0.0,0.0,0.0,0.0,0.2655,0.05,3.0,4.0,-1.0,8.0,-1.8,970.0,-40.0,51.9298005104065,29.75,0.0,0.0,29.75,--,--,110.71110153198242,--,--,269.40000000000003,91.8,392.3,12.875,404.2815856933594,325.0,45.7,54.8,-4.5,-13.8,-8.030792236328125,-2.840129852294922,0.885645866394043,2.502361297607422,1.4890804290771484,-3.42976188659668,4703.804218750001,62.0,58200.0,4700.0,62.0,58200.0,6480.0,8050.0,-3.9,980.0
13,0,2018,8,15,-10.0,-999.0,0.0,12500.0,-10.0,-10.0,-10.0,1.7088335137814283,4.664838790893555,-1.1829185485839844,3.2826824188232417,-1.781290054321289,5908.64599609375,266.8251342773437,261.23211669921875,0.6270914077758789,-2.651573181152344,3203.70166015625,281.7240905761719,279.49978637695307,-3.196880340576172,-1.527851104736328,1566.615478515625,291.1599426269531,285.3122863769531,-2.1529254913330083,0.9064884185791016,295.28533935546875,290.5604553222656,0.3322725296020508,1.807953834533692,296.76458740234375,296.16033935546875,-1.577653884887695,-0.3142127990722656,0.0,0.01885986328125,-0.009923696517944336,101756.0,153.0818634033203,0.0,0.0,0.0,0.0,0.0,0.0,0.0,0.0,0.0,0.0,0.0,0.0,0.0,0.0,-1.6475152969360352,-0.21926307678222656,100950.0,70.52650451660156,299.35589599609375,0.0,58.40000000000001,0.1,0.0,0.0,0.0,297.7057189941406,296.9165344238281,0.01779,296.42938232421875,92.6,-0.9444208145141602,-0.2098846435546875,0.939562192419544,-0.9444208145141602,-0.2098846435546875,-50.0,0.0,0.0,0.0,0.0,0.0,0.0,0.0,0.0,0.0,0.0,0.0,0.2655,0.1,36.0,57.0,-50.0,8.0,-4.2,1300.0,-20.0,50.99336063861847,29.75,0.0,0.0,29.75,--,--,162.74945831298828,--,--,272.2,296.4000000000001,397.6,41.5,423.3452453613281,588.0,86.4,94.4,-4.800000000000002,-7.0,-7.83619499206543,-4.336107254028319,0.6207275390625,1.9440488815307613,2.0520076751708984,-3.0805149078369136,4704.26203125,58.0,58200.0,4700.0,58.0,58200.0,6540.0,8060.0,-4.3,1380.0
14,0,2018,8,15,-10.0,-999.0,0.0,16000.0,-10.0,-10.0,-10.0,2.5868199560791254,3.924671173095703,-2.2628402709960938,2.7673072814941406,-2.32624626159668,5915.52880859375,266.87384033203125,260.7859039306641,0.7991065979003906,-2.2777099609375,3210.301025390625,281.81903076171875,278.43728637695307,-3.2336101531982417,-1.2647476196289062,1572.79248046875,291.0403137207031,286.4997863769531,-2.103824615478516,1.5904359817504885,295.30767822265625,292.3023986816406,-0.2887735366821289,2.0644683837890625,298.9823913574219,296.8110046386719,-1.580038070678711,0.3216495513916016,0.0,0.001979351043701172,-0.0022771358489990234,101792.0,156.74298095703125,0.0,0.0,0.0,0.0,0.0,0.0,0.0,0.0,0.0,0.0,0.0,0.0,0.0,0.0,-1.6322689056396484,0.5035009384155273,100980.0,70.52650451660156,303.0982360839844,0.0,55.5,0.0,0.0,0.0,0.0,300.1605224609375,299.3854064941406,0.018500000000000003,297.07569885253906,82.9,-1.345966339111328,0.4025716781616211,1.3785647901240736,-1.345966339111328,0.4025716781616211,-50.0,0.0,0.0,0.0,0.0,0.0,0.0,0.0,0.0,0.0,0.0,0.0,0.2655,0.14,80.0,180.0,-40.0,8.0,-6.1000000000000005,2460.0,-3.0,51.732778429985046,0.0,0.0,0.0,0.0,--,--,--,--,--,275.8,507.8,410.3,71.125,444.91844177246094,724.0,105.5,121.7,-4.1000000000000005,-5.0,-7.427822113037107,-4.74195671081543,0.481968879699707,1.600412368774414,2.6136388778686523,-2.976879119873047,4727.2815625,52.0,58100.0,4730.0,52.0,58100.0,6570.0,8080.0,-6.0,2400.0
15,0,2018,8,15,-10.0,-999.0,0.0,20100.0,-10.0,-10.0,-10.0,2.444369107484817,3.1332492828369136,-0.6797409057617188,1.925771713256836,-0.9006118774414062,5919.048828125,266.96054077148443,257.87478637695307,1.1561393737792969,-2.3871784210205083,3214.166015625,281.75372314453125,278.24978637695307,-2.145151138305664,-0.7579936981201172,1576.3359375,291.13446044921875,286.3747863769531,-1.6881513595581057,2.205735206604004,295.3409729003906,291.61541748046875,-0.878936767578125,2.3695554733276367,300.694580078125,296.5126953125,-1.2412338256835938,1.2386531829833984,0.0,0.01665019989013672,-0.008672237396240234,101814.0,158.81878662109375,0.0,0.0,0.0,0.0,0.0,0.0,0.0,0.0,0.0,0.0,0.0,0.0,0.0,0.0,-1.1536979675292969,1.4194917678833008,101000.0,70.52650451660156,307.5292663574219,0.0,47.90000000000001,0.0,0.0,0.0,0.0,302.1407165527344,301.3332824707031,0.018400000000000003,297.00730895996094,73.60000000000002,-0.9257822036743164,1.243098258972168,1.5649721242953092,-0.9257822036743164,1.243098258972168,-50.0,0.0,0.0,0.0,0.0,0.0,0.0,0.0,0.0,0.0,0.0,0.0,0.2655,0.16,177.0,190.0,-120.0,8.0,-6.8000000000000025,2970.0,0.0,49.52861762046814,0.0,0.0,0.0,0.0,--,--,--,--,--,280.2,697.2,415.9,97.62823569448663,471.6603546142578,807.0,112.2,142.6,5.300000000000002,-7.0,-7.281644821166992,-4.0379905700683585,-0.2858142852783203,0.8867168426513672,2.8823814392089844,-3.5923442840576167,4759.2753125,39.0,57900.0,4760.0,39.0,57900.0,6600.0,8090.0,-6.2,2600.0
16,0,2018,8,15,-10.0,-999.0,0.0,23800.0,-10.0,-10.0,-10.0,3.1351509988307966,3.9869365692138654,-0.15259552001953125,1.9833011627197263,-0.0316162109375,5917.501953125,266.897216796875,255.62478637695312,0.7326116561889648,-2.947212219238281,3213.65087890625,281.42431640625,278.62478637695307,-1.8431053161621087,-0.3680639266967773,1577.258544921875,290.73663330078125,286.6872863769531,-1.8768157958984373,3.4703960418701167,295.190673828125,292.87705993652344,-1.6521835327148438,3.0540122985839844,301.8631591796875,296.20652770996094,-1.3954248428344729,1.948091506958008,0.0,0.007429122924804686,-0.015383005142211912,101807.0,158.48773574829104,0.0,0.0,0.0,0.0,0.0,0.0,0.0,0.0,0.0,0.0,0.0,0.0,0.0,0.0,-1.4394903182983398,2.3248825073242188,101000.0,70.52650451660156,309.5081787109375,0.0,36.2,0.0,0.0,0.0,0.0,303.5190734863281,302.6715087890625,0.01786,296.54222106933594,66.5,-1.1980905532836914,1.948251724243164,2.313750454224646,-1.1980905532836914,1.948251724243164,-50.0,0.0,0.0,0.0,0.0,0.0,0.0,0.0,0.0,0.0,0.0,0.0,0.2655,0.21,203.0,220.0,-100.0,8.0,-6.8000000000000025,3000.0,0.0,49.636732578277595,0.0,0.0,0.0,0.0,--,--,--,--,--,281.3,841.0,421.8,117.63105609407648,483.9459533691406,839.0,125.2,158.10000000000005,13.2,-10.9,-8.296245574951174,-2.3462486267089844,-0.500340461730957,1.1874589920043943,2.77553939819336,-5.102149963378906,4750.2478125,37.0,58000.0,4750.0,37.0,57900.0,6570.0,8040.0,-6.4,2760.0
17,0,2018,8,15,-10.0,-999.0,0.0,27200.0,-10.0,-10.0,-10.0,2.8906432390213013,4.0388946533203125,1.998638153076172,1.7857627868652344,1.9781646728515625,5917.142578125,266.90899658203125,255.87478637695312,0.3242902755737305,-2.7268962860107417,3212.54638671875,281.4368896484375,278.56228637695307,-2.0102405548095703,-0.13449478149414062,1577.58349609375,290.6138916015625,286.6872863769531,-1.2153291702270508,2.89955997467041,296.00140380859375,291.41709899902344,-1.4498872756958008,2.2371501922607417,302.7911376953125,295.5150146484375,-1.4382343292236328,1.940692901611328,0.0,-0.025979995727539062,-0.010558485984802246,101781.0,156.42459487915042,0.0,0.0,0.0,0.0,0.0,0.0,0.0,0.0,0.0,0.0,0.0,0.0,0.0,0.0,-1.565412521362305,2.4614028930664062,100970.0,70.52650451660156,310.8740539550781,0.0,25.0,0.0,0.0,0.0,0.0,304.5628356933594,303.735595703125,0.017300000000000003,295.962158203125,61.3,-1.3062334060668943,2.1000652313232417,2.439892307855189,-1.3062334060668943,2.1000652313232417,-50.0,0.0,0.0,0.0,0.0,0.0,0.0,0.0,0.0,0.0,0.0,0.0,0.2656,0.222,220.0,210.0,-90.0,8.0,-6.6000000000000005,2850.0,0.0,48.05214703083038,29.75,0.0,0.0,29.75,--,--,--,--,--,283.0,931.0,421.70000000000016,130.38118378305808,492.393798828125,871.0,121.0,167.0,14.0,-2.2,-8.375833511352539,-2.1568746566772456,-0.09666824340820312,0.3211240768432617,2.408660888671875,-4.876012802124023,4769.194375,36.0,57800.0,4770.0,36.0,57800.0,6560.0,8030.0,-6.0,2480.0
18,0,2018,8,15,-10.0,-999.0,0.0,30500.0,-10.0,-10.0,-10.0,3.408924028277397,4.165109634399413,0.3418922424316406,2.2047348022460938,1.3700847625732422,5918.9619140625,266.91421508789057,255.6992034912109,-0.18605804443359367,-2.34414291381836,3214.134765625,281.50408935546875,278.24978637695307,-1.9340591430664065,0.15030479431152344,1579.5823974609375,290.4837341308594,287.2027893066406,-0.8012790679931641,2.807348251342773,296.6055908203125,292.2808532714844,-0.8896522521972656,2.8225688934326167,303.58221435546875,294.90850830078125,-1.4411306381225586,2.5881080627441406,0.0,-0.0318448543548584,-0.01801598072052002,101770.0,155.2863006591797,0.0,0.0,0.0,0.0,0.0,0.0,0.0,0.0,0.0,0.0,0.0,0.0,0.0,0.0,-1.4542703628540041,2.9833784103393555,100960.0,70.52650451660156,312.8033752441406,0.0,17.5,0.0,0.0,0.0,0.0,305.5677185058594,304.7701416015625,0.01674,295.47454833984375,56.8,-1.3261127471923828,2.7008848190307617,3.005382967647165,-1.3261127471923828,2.7008848190307617,-50.0,0.0,0.0,0.0,0.0,0.0,0.0,0.0,0.0,0.0,0.0,0.0,0.2656,0.264,280.0,240.0,-60.0,8.0,-6.3000000000000025,2620.0,0.0,48.1125910282135,0.0,0.0,0.0,0.0,--,--,--,--,--,285.0,956.0,425.0,133.88095861999318,504.7066650390625,874.0,123.3,168.0,18.1,1.7000000000000002,-8.6927490234375,-0.6183395385742188,0.5178089141845703,-0.011669158935546877,1.6113204956054688,-5.235910415649414,4783.511875,34.0,57700.0,4780.0,34.0,57700.0,6560.0,8030.0,-5.6000000000000005,2200.0
19,0,2018,8,15,-10.0,-999.0,0.0,30200.0,-10.0,-10.0,-10.0,3.1149468794465065,4.488140106201172,1.4731407165527344,2.1387653350830083,2.3890399932861333,5917.8271484375,266.96807861328125,255.43446350097656,-0.4240684509277344,-1.9597511291503904,3212.66259765625,281.4093017578125,278.68728637695307,-1.5341129302978516,-0.07098388671875,1579.0986328125,290.8164367675781,288.1247863769531,-0.8694076538085938,2.441461563110352,297.31793212890625,291.9886779785156,-1.461874008178711,2.717778205871582,303.67828369140625,294.9425354003906,-1.591291427612305,2.143686294555664,0.0,-0.023477792739868164,0.005611062049865723,101735.0,152.16636657714844,0.0,0.0,0.0,0.0,0.0,0.0,0.0,0.0,0.0,0.0,0.0,0.0,0.0,0.0,-1.6468372344970703,2.478480339050293,100920.0,70.52650451660156,310.7342529296875,0.0,18.3,0.0,0.0,0.0,0.0,304.874755859375,304.1131591796875,0.016630000000000002,295.33111572265625,57.3,-1.4622316360473633,2.0256586074829097,2.5011264529312034,-1.4622316360473633,2.0256586074829097,-50.0,0.0,0.0,0.0,0.0,0.0,0.0,0.0,0.0,0.0,0.0,0.0,0.2656,0.22699999999999998,210.0,190.0,40.0,8.0,-6.0,2460.0,0.0,50.049932837486274,0.25,3.125,0.0,3.125,--,--,--,--,--,282.4000000000001,913.0,426.6,127.8782206864562,491.5962524414063,857.0,126.0,163.0,18.8,-3.3000000000000003,-8.532421112060549,-1.2836036682128906,0.17812538146972656,0.6087169647216797,1.5520401000976562,-4.2254791259765625,4800.52171875,33.0,57600.0,4800.0,33.0,57600.0,6560.0,8070.0,-5.5,2200.0
20,0,2018,8,15,-10.0,-999.0,0.0,28200.0,-10.0,-10.0,-10.0,4.317111134529114,3.5693016052246094,1.0892601013183594,1.7186031341552734,1.997514724731445,5918.98583984375,266.58563232421875,255.31228637695312,-1.1628580093383791,-2.2389373779296875,3213.2197265625,281.67864990234375,278.12478637695307,-2.3694324493408203,-0.2607536315917969,1578.96875,290.72918701171875,290.1247863769531,-0.3852481842041016,2.022165298461914,297.3958740234375,292.9708251953125,-1.0914535522460938,3.6787080764770512,303.7561340332031,295.5630798339844,-1.2296247482299805,3.397125244140625,0.0,-0.02663660049438477,0.006445169448852539,101719.0,151.44424438476562,0.0,0.0,0.0,0.0,0.0,0.0,0.0,0.0,0.0,0.0,0.0,0.0,0.0,0.0,-1.8653821945190432,3.703136444091797,100910.0,70.52650451660156,308.4217529296875,0.0,19.8,0.0,0.0,0.0,0.0,305.0904846191406,304.3096618652344,0.01729,295.9721374511719,60.40000000000001,-1.6305503845214844,3.09116268157959,3.4392949651228264,-1.6305503845214844,3.09116268157959,-50.0,0.0,0.0,0.0,0.0,0.0,0.0,0.0,0.0,0.0,0.0,0.0,0.2656,0.281,130.0,140.0,120.0,8.0,-7.1000000000000005,2850.0,-10.0,52.87535762786865,4.25,22.5,0.0,22.5,--,--,--,--,--,279.90000000000003,801.0,431.6,112.12853240012191,477.2366027832031,764.0,167.60000000000005,154.8,38.5,-0.5,-9.009364128112793,0.38430213928222656,0.6499919891357422,0.6310310363769531,1.0442352294921875,-5.85871696472168,4804.45421875,32.0,57600.0,4800.0,32.0,57600.0,6470.0,8050.0,-6.7,2650.0
21,0,2018,8,15,-10.0,-999.0,0.0,24000.0,-10.0,-10.0,-10.0,4.615949369966983,3.2151126861572266,0.8027458190917969,1.9656848907470703,1.907611846923828,5913.3212890625,266.6063842773437,256.56228637695307,-1.307058334350586,-1.4274177551269531,3208.63525390625,281.27734375,277.87478637695307,-2.4233474731445312,0.06243133544921875,1574.08203125,291.0897216796875,288.1247863769531,-0.3509044647216797,0.8012752532958984,296.74822998046875,290.7448425292969,0.12480545043945312,3.8461647033691406,302.67205810546875,296.0717468261719,-0.4219503402709961,4.0096940994262695,0.0,-0.05036163330078125,-0.03634870052337647,101699.0,149.9425563812256,0.0,0.0,0.0,0.0,0.0,0.0,0.0,0.0,0.0,0.0,0.0,0.0,0.0,0.0,-0.511138916015625,4.234779357910156,100900.0,70.52650451660156,307.4217529296875,0.0,19.1,0.0,0.0,0.0,0.0,303.9943542480469,303.2152404785156,0.01787,296.51654052734375,66.7,-0.5216360092163086,3.3198814392089844,3.3139088830212127,-0.5216360092163086,3.3198814392089844,-50.0,0.0,0.0,0.0,0.0,0.0,0.0,0.0,0.0,0.0,0.0,0.0,0.2656,0.27,130.0,110.0,20.0,8.0,-7.1000000000000005,2920.0,0.0,50.36570191383362,4.125,2.75,0.0,4.125,--,--,--,--,--,278.90000000000003,654.0,421.20000000000016,91.50102693296505,470.8630676269531,788.0,108.8,133.0,30.5,12.8,-8.596105575561522,2.21536636352539,0.3200912475585937,-1.2541351318359375,-0.4294509887695313,-5.703140258789063,4783.8046875,41.0,57700.0,4780.0,41.0,57700.0,6470.0,8050.0,-6.6000000000000005,2640.0
22,0,2018,8,15,-10.0,-999.0,0.0,24400.0,-10.0,-10.0,-10.0,3.670368671417236,3.861494064331055,0.7477264404296875,2.9814109802246094,0.3938579559326172,5911.3974609375,266.46856689453125,259.24978637695307,-0.32541847229003906,-0.3673419952392578,3208.32177734375,281.4974060058594,277.49978637695307,-2.443790435791016,0.4918375015258789,1572.36279296875,290.9434814453125,287.72540283203125,-0.905104637145996,1.4571771621704102,296.21868896484375,292.74432373046875,0.48382568359375,3.3081932067871094,302.46722412109375,296.1956787109375,0.6155681610107422,3.4316482543945312,0.0,-0.03007984161376953,-0.02211868762969971,101700.0,149.75247192382812,0.0,0.0,0.0,0.0,0.0,0.0,0.0,0.0,0.0,0.0,0.0,0.0,0.0,0.0,0.08937835693359375,3.3835773468017583,100900.0,70.52650451660156,306.7967529296875,0.0,19.9,0.0,0.0,0.0,0.0,303.9922790527344,303.2580261230469,0.0178,296.4459533691406,65.7,0.04816913604736328,2.8263339996337886,2.8179160789586604,0.04816913604736328,2.8263339996337886,-50.0,0.0,0.0,0.0,0.0,0.0,0.0,0.0,0.0,0.0,0.0,0.0,0.2656,0.23,100.0,98.0,70.0,8.0,-7.2,2930.0,0.0,52.13631010055542,0.0,0.625,0.625,0.625,--,--,--,--,--,277.8,455.4,423.9,63.751985349459574,466.9996643066406,694.0,97.8,108.6,19.9,4.6000000000000005,-8.388093948364258,1.3392438888549805,0.2508430480957031,-0.4147071838378906,0.26108741760253906,-3.6561431884765625,4683.13859375,65.0,58400.0,4680.0,65.0,58400.0,6470.0,8120.0,-7.1000000000000005,2830.0
23,0,2018,8,15,-10.0,-999.0,0.0,22500.0,-10.0,-10.0,-10.0,3.1152528449893,4.208322525024413,-0.5066871643066406,2.6922550201416016,-0.3510360717773437,5914.763671875,266.43853759765625,258.81228637695307,1.0325326919555664,-0.5217494964599609,3211.232177734375,281.58184814453125,278.18728637695307,-1.8532762527465816,-0.3995990753173828,1572.3223876953125,291.7872619628906,288.3022766113281,-0.7355327606201172,1.1611480712890625,296.2830810546875,293.26904296875,1.0078277587890625,2.597986221313477,301.8899841308594,296.38006591796875,0.08774471282958984,2.8574199676513667,0.0,0.0017895698547363281,-0.0280531644821167,101694.0,148.4273452758789,0.0,0.0,0.0,0.0,0.0,0.0,0.0,0.0,0.0,0.0,0.0,0.0,0.0,0.0,-0.025865554809570312,2.945079803466797,100880.0,70.52650451660156,304.6092529296875,0.0,18.3,0.0,0.0,0.0,0.0,303.08575439453125,302.3139343261719,0.01795,296.5548095703125,69.4,-0.14912796020507812,2.398889541625977,2.3793426640331745,-0.14912796020507812,2.398889541625977,-50.0,0.0,0.0,0.0,0.0,0.0,0.0,0.0,0.0,0.0,0.0,0.0,0.2656,0.19,40.0,50.0,30.0,8.0,-7.0,2780.0,-10.0,53.9596426486969,0.0,0.0,0.0,0.0,--,--,--,--,--,275.6,239.5,423.5,33.500187228331924,453.8756408691406,523.0,76.7,76.4,19.3,10.1,-7.4603939056396475,-1.381612777709961,0.8171272277832031,-0.7501049041748047,1.330974578857422,-3.6029338836669917,4703.78828125,65.0,58300.0,4700.0,65.0,58300.0,6460.0,8080.0,-7.0,2760.0
