Hour,Minute,Year,Month,Date,ATT1,ATT2,ATT3,ATT4,ATT5,ATT6,ATT7,ATT8,ATT9,ATT10,ATT11,ATT12,ATT13,ATT14,ATT15,ATT16,ATT17,ATT18,ATT19,ATT20,ATT21,ATT22,ATT23,ATT24,ATT25,ATT26,ATT27,ATT28,ATT29,ATT30,ATT31,ATT32,ATT33,ATT34,ATT35,ATT36,ATT37,ATT38,ATT39,ATT40,ATT41,ATT42,ATT43,ATT44,ATT45,ATT46,ATT47,ATT48,ATT49,ATT50,ATT51,ATT52,ATT53,ATT54,ATT55,ATT56,ATT57,ATT58,ATT59,ATT60,ATT61,ATT62,ATT63,ATT64,ATT65,ATT66,ATT67,ATT68,ATT69,ATT70,ATT71,ATT72,ATT73,ATT74,ATT75,ATT76,ATT77,ATT78,ATT79,ATT80,ATT81,ATT82,ATT83,ATT84,ATT85,ATT86,ATT87,ATT88,ATT89,ATT90,ATT91,ATT92,ATT93,ATT94,ATT95,ATT96,ATT97,ATT98,ATT99,ATT100,ATT101,ATT102,ATT103,ATT104,ATT105,ATT106,ATT107,ATT108,ATT109,ATT110,ATT111,ATT112,ATT113,ATT114,ATT115,ATT116,ATT117,ATT118,ATT119,ATT120,ATT121,ATT122,ATT123,ATT124,ATT125,ATT126,ATT127,ATT128,ATT129,ATT130,ATT131,ATT132
0,0,2019,5,21,-10.0,-999.0,0.0,31400.0,-10.0,-10.0,-10.0,7.0575464367866525,10.308924674987793,-3.665191650390625,8.532253265380861,-1.8134002685546875,5864.03515625,266.63916015625,240.06228637695312,2.367237091064453,-11.683853149414062,3164.55712890625,279.49044799804693,266.49978637695307,-1.7360343933105469,-2.428152084350586,1541.1680908203125,290.70355224609375,284.7497863769531,-0.07686614990234375,1.3566055297851562,296.54541015625,289.8747863769531,3.667272567749024,5.420827865600586,303.07086181640625,293.6247863769531,3.128289222717285,3.7758274078369136,0.0,0.018650531768798828,-0.017983198165893555,101373.0,119.40910339355469,0.0,0.0,0.0,0.0,0.0,0.0,0.0,0.0,0.0,0.0,0.0,0.0,0.0,0.0,4.132596969604491,4.986379623413086,100310.0,92.27650451660156,302.7390441894531,0.0,6.8000000000000025,0.0,0.0,0.0,0.0,303.1145324707031,302.85601806640625,0.015309999999999999,293.8747863769531,57.2,2.7692089080810547,3.1789493560791016,4.195497704669833,2.7692089080810547,3.1789493560791016,-50.0,0.0,0.0,0.0,0.0,0.0,0.0,0.0,0.0,0.0,0.0,0.0,0.2977,0.28,-13.0,50.0,60.0,8.0,-4.4,2150.0,0.0,35.43691736459732,0.0,0.0,0.0,0.0,--,--,--,--,--,292.5,64.7,405.3,7.875,442.9097595214844,175.0,43.3,36.5,30.0,-13.0,-5.802990913391112,0.8158149719238281,1.009563446044922,1.37078857421875,-1.3400287628173828,-16.820098876953125,4775.36,18.0,57400.0,4780.0,18.0,57400.0,6360.0,7780.0,-3.7,1790.0
1,0,2019,5,21,-10.0,-999.0,0.0,23200.0,-10.0,-10.0,-10.0,6.111356385052204,8.953607559204102,-4.122222900390625,6.938865661621094,-1.775665283203125,5865.3173828125,266.7144927978516,241.37478637695312,1.9883489608764648,-11.465755462646484,3162.0361328125,279.42333984375,265.18728637695307,-1.7038936614990234,-2.7626495361328125,1539.4254150390625,291.0050964355469,283.2962646484375,-0.8965568542480469,-0.7437648773193359,296.2500915527344,291.99635314941406,4.481725692749023,3.6197471618652335,301.471435546875,294.9744110107422,2.7526330947875977,3.0004825592041016,0.0,-0.02469158172607422,0.002854347229003907,101368.0,118.55587768554688,0.0,0.0,0.0,0.0,0.0,0.0,0.0,0.0,0.0,0.0,0.0,0.0,0.0,0.0,4.007221221923828,4.330108642578125,100300.0,92.27650451660156,300.0892333984375,0.0,7.2,0.0,0.0,0.0,0.0,300.7506103515625,300.49346923828125,0.016540000000000003,295.1247863769531,69.3,1.755401611328125,1.540323257446289,2.3188888286240403,1.755401611328125,1.540323257446289,-50.0,0.0,0.0,0.0,0.0,0.0,0.0,0.0,0.0,0.0,0.0,0.0,0.2978,0.12,-10.0,10.0,80.0,8.0,-4.7,2350.0,-20.0,35.44215893745423,0.0,0.0,0.0,0.0,--,--,--,--,--,291.1,0.0,402.0,0.0,427.5129852294922,0.0,0.0,0.0,29.0,12.0,-6.093931198120117,0.11893653869628905,1.653646469116211,0.36017417907714844,-2.0803184509277344,-16.15606689453125,4905.6,11.0,56400.0,4910.0,11.0,56400.0,6370.0,7780.0,-4.6000000000000005,2260.0
2,0,2019,5,21,-10.0,-999.0,0.0,19200.0,-10.0,-10.0,-10.0,5.668679017573595,8.198296546936035,-5.106109619140625,6.0646915435791025,-2.799789428710937,5873.43896484375,267.03720092773443,238.81228637695312,1.6526250839233398,-9.458019256591797,3161.87646484375,280.74227905273443,261.74978637695307,-0.8525161743164062,-0.43597412109375,1537.78466796875,290.52252197265625,284.7454528808594,-2.131938934326172,-0.16683578491210938,296.113037109375,289.6315460205078,2.5099449157714844,3.7963905334472656,299.4808349609375,294.93218994140625,0.9716415405273438,3.5987653732299805,0.0,0.012278556823730469,-0.010594606399536131,101388.0,121.06480407714844,0.0,0.0,0.0,0.0,0.0,0.0,0.0,0.0,0.0,0.0,0.0,0.0,0.0,0.0,1.678936004638672,5.17072868347168,100330.0,92.27650451660156,299.3477478027344,0.0,7.9,0.0,0.0,0.0,0.0,299.4269104003906,299.16864013671875,0.016470000000000002,295.0622863769531,76.80000000000003,0.3316211700439453,2.1434001922607417,2.127831955673173,0.3316211700439453,2.1434001922607417,-50.0,0.0,0.0,0.0,0.0,0.0,0.0,0.0,0.0,0.0,0.0,0.0,0.2978,0.14,-1.0,10.0,56.0,8.0,-3.5,1720.0,-40.0,32.04013615846634,0.0,0.0,0.0,0.0,--,--,--,--,--,294.4000000000001,0.0,389.20000000000016,0.0,423.4025268554688,0.0,0.0,0.0,13.0,18.0,-7.111774444580077,0.6381778717041016,0.4876899719238281,-0.03753471374511719,-1.172040939331055,-14.93731689453125,4984.0,10.0,55900.0,4980.0,10.0,55900.0,6420.0,7780.0,-3.3000000000000003,1620.0
3,0,2019,5,21,-10.0,-999.0,0.0,17400.0,-10.0,-10.0,-10.0,4.382360085844994,7.850473403930664,-6.476806640625,5.3668060302734375,-4.574699401855469,5875.9482421875,267.34182739257807,239.49978637695312,1.1855573654174805,-9.344688415527344,3159.28173828125,281.35073852539057,260.18728637695307,-1.6355667114257812,0.4901504516601562,1535.4327392578125,289.8794860839844,286.3122863769531,-3.8636436462402335,1.537109375,296.1639404296875,288.8122863769531,-0.4921798706054688,3.002574920654297,298.21746826171875,294.5622863769531,-0.2670230865478516,2.6839284896850586,0.0,0.02597141265869141,0.013151407241821287,101384.0,121.6362762451172,0.0,0.0,0.0,0.0,0.0,0.0,0.0,0.0,0.0,0.0,0.0,0.0,0.0,0.0,-0.2645816802978516,4.171649932861328,100330.0,92.27650451660156,298.2378845214844,0.0,8.6,0.0,0.0,0.0,0.0,298.2461242675781,297.9456787109375,0.016130000000000002,294.7497863769531,80.60000000000002,-0.2224292755126953,1.259286880493164,1.2544938675127923,-0.2224292755126953,1.259286880493164,-50.0,0.0,0.0,0.0,0.0,0.0,0.0,0.0,0.0,0.0,0.0,0.0,0.2978,0.06,0.0,0.0,40.0,8.0,-2.2,1140.0,-60.0,32.841141045093536,0.0,0.0,0.0,0.0,--,--,--,--,--,292.2,0.0,385.5,0.0,417.0530090332031,0.0,0.0,0.0,-9.0,-7.0,-8.643360137939451,0.09178543090820312,-1.914144515991211,1.3762474060058594,0.09642601013183594,-13.569549560546875,5034.72,11.0,55600.0,5030.0,11.0,55600.0,6470.0,7810.0,-1.9,990.0
4,0,2019,5,21,-10.0,-999.0,0.0,15400.0,-10.0,-10.0,-10.0,4.704597085714339,7.602598190307617,-6.010398864746094,5.350080490112305,-4.462257385253906,5873.02978515625,267.46127319335943,238.37478637695312,0.7988910675048828,-7.316818237304687,3155.543701171875,281.340576171875,259.68728637695307,-1.911224365234375,1.3424339294433594,1532.3023681640625,290.0602722167969,285.4372863769531,-4.465173721313477,3.09488296508789,296.1117248535156,288.8747863769531,-0.6448554992675781,2.8376922607421875,297.304443359375,294.6872863769531,0.11449813842773438,2.62247085571289,0.0,0.008109092712402344,0.023021936416625977,101364.0,119.45873260498048,0.0,0.0,0.0,0.0,0.0,0.0,0.0,0.0,0.0,0.0,0.0,0.0,0.0,0.0,0.6905555725097656,4.4684600830078125,100310.0,92.27650451660156,297.2520446777344,0.0,9.5,0.0,0.0,0.0,0.0,297.2720642089844,297.0009765625,0.01617,294.8122863769531,85.7,0.3047809600830078,1.3470592498779297,1.378699189517647,0.3047809600830078,1.3470592498779297,-50.0,0.0,0.0,0.0,0.0,0.0,0.0,0.0,0.0,0.0,0.0,0.0,0.2978,0.08,0.0,0.0,50.0,8.0,-1.7000000000000002,980.0,-70.0,31.32472717761993,0.0,0.0,0.0,0.0,--,--,--,--,--,291.8,0.0,380.0,0.0,411.7066955566406,0.0,0.0,0.0,0.0,-5.0,-8.594833374023438,1.6521987915039062,-2.6295223236083984,1.5125236511230469,-0.8734989166259766,-10.978591918945312,5040.8,9.0,55500.0,5040.0,9.0,55500.0,6470.0,7790.0,-1.6,890.0
5,0,2019,5,21,-10.0,-999.0,0.0,13700.0,-10.0,-10.0,-10.0,4.2622917890548715,8.006681442260742,-5.2523040771484375,5.5543365478515625,-4.192710876464844,5868.853515625,267.6723022460937,236.18728637695312,-0.522120475769043,-5.955718994140625,3151.529296875,280.93954467773443,262.12478637695307,-2.138164520263672,1.7236862182617188,1529.1024169921875,290.0409240722656,285.30601501464844,-3.373573303222656,3.886554718017578,295.7947692871094,288.7852783203125,0.2692108154296875,2.3428993225097656,296.3773193359375,294.64990234375,0.9068822860717772,1.8069162368774407,0.0,0.02832317352294922,0.014618158340454103,101349.0,118.02349090576172,0.0,0.0,0.0,0.0,0.0,0.0,0.0,0.0,0.0,0.0,0.0,0.0,0.0,0.0,1.5987701416015625,3.7231235504150386,100290.0,92.27650451660156,296.4929504394531,0.0,10.5,0.0,0.0,0.0,0.0,296.4309387207031,296.1576843261719,0.016110000000000003,294.6872863769531,90.4,0.6773300170898438,0.6399974822998047,0.9391098651103676,0.6773300170898438,0.6399974822998047,-50.0,0.0,0.0,0.0,0.0,0.0,0.0,0.0,0.0,0.0,0.0,0.0,0.2978,0.05,1.0,0.0,30.0,8.0,-0.9,730.0,-90.0,31.20539784431457,0.0,0.0,0.0,0.0,--,--,--,--,--,291.1,0.0,375.8,0.0,407.5956268310547,0.0,0.0,0.0,2.0,-8.0,-7.8529014587402335,3.669811248779297,-1.913169860839844,2.106853485107422,-2.925006866455078,-8.646591186523438,5051.68,8.0,55400.0,5050.0,8.0,55400.0,6510.0,7820.0,-0.9,690.0
6,0,2019,5,21,-10.0,-999.0,0.0,12700.0,-10.0,-10.0,-10.0,1.877085119485855,7.250253677368164,-4.056121826171875,5.189247131347656,-3.1131668090820312,5863.7529296875,267.5329132080078,235.12478637695312,-1.2078084945678709,-5.067352294921875,3147.950927734375,280.546875,263.62478637695307,-1.9878664016723635,2.0369110107421875,1526.46923828125,289.95745849609375,285.1714630126953,-2.031810760498047,3.46011734008789,295.473876953125,288.0606842041016,1.070331573486328,1.6366291046142578,295.6232604980469,294.33380126953125,1.0052814483642578,0.922109603881836,0.0,0.005076408386230469,-0.008017301559448242,101341.0,117.23279190063477,0.0,0.0,0.0,0.0,0.0,0.0,0.0,0.0,0.0,0.0,0.0,0.0,0.0,0.0,2.0850200653076167,2.4789409637451167,100280.0,92.27650451660156,295.6661071777344,0.0,11.6,0.0,0.0,0.0,0.0,295.5711364746094,295.3381652832031,0.015770000000000003,294.3725891113281,93.5,0.5813083648681641,0.156280517578125,0.6263262198772281,0.5813083648681641,0.156280517578125,-50.0,0.0,0.0,0.0,0.0,0.0,0.0,0.0,0.0,0.0,0.0,0.0,0.2978,0.02,0.0,0.0,20.0,8.0,-0.2,540.0,-110.0,31.05147182941437,0.0,0.0,0.0,0.0,--,--,--,--,--,289.8,0.0,371.6,0.0,403.080322265625,0.0,0.0,0.0,-1.0,-8.0,-6.818880081176758,4.780555725097656,-0.8749160766601562,1.8891639709472656,-3.852592468261719,-6.615791320800781,5032.32,7.0,55500.0,5030.0,7.0,55500.0,6470.0,7820.0,-0.5,530.0
7,0,2019,5,21,-10.0,-999.0,0.0,12800.0,-10.0,-10.0,-10.0,0.8188554644584656,5.753000259399414,-2.576087951660156,4.3534889221191415,-2.166656494140625,5862.6083984375,267.3414306640625,236.49978637695312,-1.2408332824707031,-4.841880798339844,3146.554931640625,280.91244506835943,263.99978637695307,-1.8992424011230469,2.388751983642578,1524.451904296875,289.80767822265625,285.4997863769531,-1.5731201171875,3.8927536010742174,295.27593994140625,287.8747863769531,1.0666542053222656,1.9739494323730469,295.1170349121094,293.8122863769531,0.019941329956054688,0.5955104827880859,0.0,0.02362155914306641,0.020085573196411133,101331.0,116.3952865600586,0.0,0.0,0.0,0.0,0.0,0.0,0.0,0.0,0.0,0.0,0.0,0.0,0.0,0.0,1.3389244079589844,1.576040267944336,100270.0,92.27650451660156,295.0865783691406,0.0,12.9,0.0,0.0,0.0,0.0,294.996826171875,294.8113708496094,0.015200000000000003,293.7890930175781,93.0,-0.26724815368652344,-0.014120101928710938,0.251413747202605,-0.26724815368652344,-0.014120101928710938,-50.0,0.0,0.0,0.0,0.0,0.0,0.0,0.0,0.0,0.0,0.0,0.0,0.2978,0.01,0.0,0.0,10.0,8.0,0.6000000000000001,400.0,-140.0,31.69445288181305,29.0,0.0,0.0,29.0,--,--,--,--,--,288.7,0.0,370.5,0.0,399.7962951660156,0.0,0.0,0.0,-15.0,-21.0,-6.861736297607423,4.74127197265625,0.2787094116210937,2.4529743194580083,-3.2197837829589844,-5.876239776611327,5013.6,8.0,55600.0,5010.0,8.0,55600.0,6450.0,7810.0,-0.30000000000000004,400.0
8,0,2019,5,21,-10.0,-999.0,0.0,12800.0,-10.0,-10.0,-10.0,0.7340409569442272,4.422527313232422,-1.7821121215820312,3.362646102905273,-1.9754180908203125,5861.4404296875,267.29547119140625,235.99530029296875,-1.6543560028076172,-4.532096862792969,3145.39208984375,281.037841796875,264.06228637695307,-1.75250244140625,3.2265853881835938,1523.358642578125,289.71588134765625,285.7671813964844,-0.5166435241699219,4.243488311767578,295.05169677734375,287.22967529296875,1.648578643798828,1.6758956909179688,294.462646484375,293.1062469482422,-0.3926715850830078,0.3041648864746094,0.0,-0.027791976928710938,-0.025125503540039062,101334.0,116.92729568481444,0.0,0.0,0.0,0.0,0.0,0.0,0.0,0.0,0.0,0.0,0.0,0.0,0.0,0.0,0.7417583465576172,0.8894615173339844,100280.0,92.27650451660156,294.6124267578125,0.0,14.2,0.0,0.0,0.0,0.0,294.4059143066406,294.2471923828125,0.01453,293.0426483154297,92.9,-0.698089599609375,-0.08910846710205078,0.7528194554615766,-0.698089599609375,-0.08910846710205078,-50.0,0.0,0.0,0.0,0.0,0.0,0.0,0.0,0.0,0.0,0.0,0.0,0.2978,0.02,0.0,0.0,0.0,8.0,1.8,160.0,-240.0,31.80284571647644,32.0,0.0,0.0,32.0,--,--,--,--,--,287.8,0.0,367.8,0.0,397.18446350097656,0.0,0.0,0.0,-30.0,-28.0,-6.481111526489258,5.261402130126953,1.5468082427978516,2.588825225830078,-3.293384552001953,-5.215324401855469,5011.36,8.0,55600.0,5010.0,8.0,55600.0,6420.0,7780.0,0.5,180.0
9,0,2019,5,21,-10.0,-999.0,0.0,300.0,-10.0,-10.0,-10.0,0.9814632497727872,2.780170440673828,0.5083427429199219,2.2584381103515625,-1.2756500244140625,5860.232421875,267.33387756347656,235.93728637695312,-2.3648223876953125,-3.47686767578125,3143.502197265625,281.13687133789057,262.06228637695307,-1.912681579589844,3.53213882446289,1521.78466796875,289.6943359375,285.8583068847656,-0.7059516906738281,4.3351898193359375,294.80108642578125,287.06224060058594,1.0028839111328125,1.3310279846191406,294.2751159667969,293.3852844238281,-0.752314567565918,0.2826499938964844,0.0,-0.004631996154785156,0.002350568771362305,101324.0,116.350830078125,0.0,0.0,0.0,0.0,0.0,0.0,0.0,0.0,0.0,0.0,0.0,0.0,0.0,0.0,-0.14136695861816406,0.6116523742675781,100270.0,92.27650451660156,294.38067626953125,0.0,15.6,0.0,0.0,0.0,0.0,294.2784118652344,294.09783935546875,0.01428,292.8003692626953,91.3,-0.7410163879394531,0.09253883361816406,0.7513825163478032,-0.7410163879394531,0.09253883361816406,-50.0,0.0,0.0,0.0,0.0,0.0,0.0,0.0,0.0,0.0,0.0,0.0,0.2978,0.02,0.0,0.0,0.0,8.0,2.2,690.0,-60.0,32.19233787059784,81.0,0.0,0.0,81.0,100200.0,113.8645248413086,132.29119491577148,97000.0,551.9989471435547,289.6,0.0,423.20000000000016,0.0,395.8912353515625,0.0,0.0,0.0,-28.0,-24.0,-6.464311599731445,6.1688995361328125,1.3031864166259766,2.2708702087402344,-3.225776672363281,-3.849197387695313,5019.68,7.0,55600.0,5020.0,7.0,55600.0,6400.0,7750.0,-1.6,930.0
10,0,2019,5,21,-10.0,-999.0,0.0,300.0,-10.0,-10.0,-10.0,1.284974280744791,3.1823825836181636,0.24321746826171875,2.2664146423339844,-1.8102340698242188,5864.14013671875,267.2083740234375,236.62478637695312,-2.660320281982422,-4.23443603515625,3145.4228515625,282.1036071777344,256.68728637695307,-1.909748077392578,1.832189559936524,1521.7584228515625,289.61798095703125,284.8376007080078,-2.0869731903076167,5.908447265625,295.34393310546875,284.61817932128906,-1.265424728393555,3.317123413085937,294.66510009765625,294.3136749267578,-0.35190486907958984,0.7561531066894531,0.0,-0.007918834686279297,-0.01904296875,101311.0,115.38624954223631,0.0,0.0,0.0,0.0,0.0,0.0,0.0,0.0,0.0,0.0,0.0,0.0,0.0,0.0,-0.03367042541503906,1.2266311645507812,100260.0,92.27650451660156,295.1681365966797,0.0,18.1,0.0,0.0,0.0,0.0,294.80218505859375,294.59521484375,0.015290000000000003,293.8614807128906,94.2,-0.2832765579223633,0.5216398239135742,0.6284082694910467,-0.2832765579223633,0.5216398239135742,-50.0,0.0,0.0,0.0,0.0,0.0,0.0,0.0,0.0,0.0,0.0,0.0,0.2978,0.05,0.0,2.0,10.0,8.0,0.4,860.0,-50.0,28.974790334701535,93.375,0.0,0.0,93.375,100200.0,113.90044403076172,132.36047744750977,97000.0,552.5788459777832,290.7,0.0,427.1,0.0,400.2130889892578,0.0,0.0,0.0,-4.0,-28.0,-7.819840431213379,5.57878303527832,-1.5570907592773438,4.159788131713866,-3.2101116180419917,-5.4322052001953125,5060.0,7.0,55300.0,5060.0,7.0,55300.0,6380.0,7730.0,-2.0,1030.0
11,0,2019,5,21,-10.0,-999.0,0.0,400.0,-10.0,-10.0,-10.0,1.9216469638049605,4.1407470703125,1.671417236328125,3.990386962890625,-0.7052001953125,5862.8740234375,266.9545135498047,236.63131713867188,-2.4810943603515625,-3.6374359130859375,3145.891357421875,282.2078857421875,255.99978637695312,-1.9888114929199217,1.5860023498535156,1522.55712890625,289.52984619140625,284.1247863769531,-3.0761489868164062,6.36376953125,295.36322021484375,283.5569610595703,-2.542583465576172,4.445001602172852,294.85308837890625,294.63856506347656,-0.4992513656616211,0.9442520141601562,0.0,-0.018383026123046875,0.011806249618530272,101334.0,117.29424285888672,0.0,0.0,0.0,0.0,0.0,0.0,0.0,0.0,0.0,0.0,0.0,0.0,0.0,0.0,-0.5988254547119141,1.270673751831055,100280.0,92.27650451660156,295.44276428222656,0.0,20.5,0.0,0.0,0.0,0.0,295.1365051269531,294.9134216308594,0.0161,294.7140045166016,97.5,-0.422358512878418,0.7086372375488281,0.8133849906735122,-0.422358512878418,0.7086372375488281,-50.0,0.0,0.0,0.0,0.0,0.0,0.0,0.0,0.0,0.0,0.0,0.0,0.2978,0.07,0.0,1.0,20.0,8.0,-1.0,740.0,-70.0,27.04918682575227,94.75,0.0,0.0,94.75,100200.0,113.9179744720459,132.47540283203125,99900.0,183.5307388305664,290.1,9.4,377.8,1.125,401.5866241455078,40.0,8.4,24.20000000000001,3.0,-36.0,-8.706867218017576,5.207996368408203,-2.524639129638672,5.418964385986328,-2.2611007690429688,-5.091987609863281,5029.440000000001,7.0,55500.0,5030.0,7.0,55500.0,6350.0,7700.0,-1.5,790.0
12,0,2019,5,21,-10.0,-999.0,0.0,300.0,-10.0,-10.0,-10.0,2.0746156619861718,3.970624923706055,2.320472717285156,4.1864986419677725,-0.1600189208984375,5863.4853515625,266.77508544921875,236.6161346435547,-2.773050308227539,-2.97161865234375,3146.465087890625,282.4574279785156,255.31228637695312,-2.5153942108154297,1.4745121002197266,1522.7225341796875,289.57659912109375,282.8650207519531,-3.8082351684570312,6.90826416015625,295.3669128417969,283.20672607421875,-3.368743896484375,5.8353633880615225,294.4781494140625,294.16448974609375,-0.8791313171386719,0.9671955108642578,0.0,0.01893138885498047,-0.02675175666809082,101347.0,118.41946029663086,0.0,0.0,0.0,0.0,0.0,0.0,0.0,0.0,0.0,0.0,0.0,0.0,0.0,0.0,-1.0301647186279297,1.2954978942871094,100290.0,92.27650451660156,296.3446502685547,0.0,22.5,0.0,0.0,0.0,0.0,294.83380126953125,294.583740234375,0.01539,293.95355224609375,94.9,-0.7863273620605469,0.7544422149658203,1.0643891987856475,-0.7863273620605469,0.7544422149658203,-50.0,0.0,0.0,0.0,0.0,0.0,0.0,0.0,0.0,0.0,0.0,0.0,0.2978,0.1,30.0,13.0,-30.0,8.0,-0.1,380.0,-150.0,25.66422712802887,100.0,0.0,0.0,100.0,100200.0,113.90727996826172,132.3031997680664,97000.0,551.0657424926758,290.8,47.2,422.5,5.75,406.5525665283203,0.0,47.2,196.0,7.0,-43.0,-9.333526611328123,5.5282630920410165,-2.9540328979492188,6.5541534423828125,-1.9445266723632808,-4.496788024902344,5013.12,7.0,55600.0,5010.0,7.0,55600.0,6340.0,7700.0,-0.7000000000000001,440.0
13,0,2019,5,21,-10.0,-999.0,0.0,300.0,-10.0,-10.0,-10.0,4.861021265387535,3.7448654174804688,2.4513397216796875,4.104026794433594,0.09670257568359376,5865.6953125,266.69747924804693,236.18728637695312,-2.201618194580078,-1.6182479858398438,3147.879150390625,282.6737060546875,256.74978637695307,-2.985626220703125,1.5273551940917969,1523.55859375,289.8260498046875,278.8920440673828,-4.56988525390625,8.797103881835938,294.69049072265625,282.0542297363281,-3.3116989135742188,7.807968139648437,294.985595703125,294.8606262207031,-1.059000015258789,2.2011451721191406,0.0,-0.019620895385742188,-0.02109956741333008,101380.0,121.47457122802734,0.0,0.0,0.0,0.0,0.0,0.0,0.0,0.0,0.0,0.0,0.0,0.0,0.0,0.0,-1.22406005859375,2.529775619506836,100330.0,92.27650451660156,297.4501037597656,0.0,26.1,0.0,0.0,0.0,0.0,295.68043518066406,295.4558410644531,0.016069999999999997,294.6935577392578,95.6,-0.9896202087402344,1.99761962890625,2.2504560309462254,-0.9896202087402344,1.99761962890625,-50.0,0.0,0.0,0.0,0.0,0.0,0.0,0.0,0.0,0.0,0.0,0.0,0.2978,0.18,50.0,20.0,-30.0,8.0,-1.3,790.0,-50.0,24.53668683767319,97.25,0.0,0.0,97.25,100200.0,114.03555488586426,132.5262451171875,97000.0,551.204345703125,291.3,102.5,425.8,12.375,412.8959045410156,0.0,102.5,352.8,10.0,-58.0,-9.980907440185547,5.003273010253906,-3.0672760009765625,7.295745849609375,-0.83807373046875,-4.231086730957031,5016.96,7.0,55600.0,5020.0,7.0,55600.0,6330.0,7700.0,-1.0,520.0
14,0,2019,5,21,-10.0,-999.0,0.0,300.0,-10.0,-10.0,-10.0,6.376539319753648,2.5273761749267583,3.1667633056640625,3.5335044860839844,0.4755477905273438,5869.767578125,266.88735961914057,236.29830932617188,-2.3921337127685547,-1.028106689453125,3149.41064453125,283.23895263671875,255.37478637695312,-4.573783874511719,1.312582015991211,1523.966064453125,290.1593017578125,275.56228637695307,-5.210441589355469,8.616334915161133,293.68426513671875,282.2745361328125,-2.901020050048828,8.116525650024414,295.96051025390625,295.60740661621094,-1.2824211120605469,2.6734066009521484,0.0,0.012776374816894531,-0.006854534149169922,101387.0,122.46965789794922,0.0,0.0,0.0,0.0,0.0,0.0,0.0,0.0,0.0,0.0,0.0,0.0,0.0,0.0,-1.422750473022461,3.034687042236328,100340.0,92.27650451660156,300.05645751953125,0.0,26.8,0.0,0.0,0.0,0.0,296.9329528808594,296.62908935546875,0.016200000000000003,294.8412322998047,90.5,-1.131816864013672,2.5267562866210938,2.7527470090426505,-1.131816864013672,2.5267562866210938,-50.0,0.0,0.0,0.0,0.0,0.0,0.0,0.0,0.0,0.0,0.0,0.0,0.2978,0.23,110.0,70.0,-40.0,8.0,-1.8,1350.0,0.0,23.837339758872986,89.75,0.0,0.0,89.75,99900.0,127.17058563232422,132.66996002197266,98400.0,391.6028137207031,294.4000000000001,300.9000000000001,419.20000000000016,36.38061699876562,427.6220245361328,0.0,300.9000000000001,373.8,-1.0,-65.0,-10.446136474609377,5.109100341796875,-3.0605125427246094,7.274028778076173,-0.7325363159179688,-3.9042282104492174,5032.480000000001,6.0,55600.0,5030.0,6.0,55600.0,6380.0,7750.0,-2.1,940.0
15,0,2019,5,21,-10.0,-999.0,0.0,21000.0,-10.0,-10.0,-10.0,7.043772257864474,2.4229278564453125,4.4022216796875,2.952289581298828,0.814483642578125,5872.189453125,266.7910614013672,236.29681396484366,-2.593177795410156,-0.11986923217773438,3152.1435546875,283.44390869140625,254.06228637695312,-4.890064239501953,2.3115234375,1525.28662109375,290.4417419433594,267.3976593017578,-4.6387786865234375,9.507122039794922,292.34423828125,288.9904327392578,-2.5620269775390625,7.943191528320312,298.7545166015625,293.5557098388672,-1.3725557327270508,2.8571014404296875,0.0,0.011051177978515623,0.017214059829711914,101391.0,122.9087371826172,0.0,0.0,0.0,0.0,0.0,0.0,0.0,0.0,0.0,0.0,0.0,0.0,0.0,0.0,-1.526815414428711,3.0837440490722656,100340.0,92.27650451660156,306.16998291015625,0.0,20.4,0.0,0.0,0.0,0.0,299.75738525390625,299.53582763671875,0.015059999999999999,293.670654296875,71.0,-1.1382303237915041,2.527740478515625,2.7549585485830903,-1.1382303237915041,2.527740478515625,-50.0,0.0,0.0,0.0,0.0,0.0,0.0,0.0,0.0,0.0,0.0,0.0,0.2978,0.24,240.0,182.0,-150.00030517578125,8.0,-2.0,880.0,-34.0,23.034115195274357,8.375,0.0,0.0,8.375,--,--,--,--,--,304.1,792.5,371.8,95.76134367100893,463.2245635986328,851.0,125.3,142.5,1.0,-60.0,-10.164566040039062,6.2521018981933585,-2.4742660522460938,7.655853271484375,-0.8867034912109375,-2.775981903076172,5017.6,6.0,55700.0,5020.0,6.0,55700.0,6380.0,7740.0,-1.6,720.0
16,0,2019,5,21,-10.0,-999.0,0.0,30700.0,-10.0,-10.0,-10.0,7.1987080574035645,2.935943603515625,6.075859069824219,2.974029541015625,1.554351806640625,5873.462890625,266.8184967041016,236.3982086181641,-2.9512805938720703,0.594757080078125,3153.6572265625,283.5013732910156,252.62478637695312,-5.721481323242188,3.2100372314453125,1526.06494140625,290.8479309082031,262.06228637695307,-3.1576824188232417,9.324348449707033,292.7513122558594,288.4752960205078,-2.336200714111328,6.154571533203125,300.366943359375,291.4649353027344,-1.838932037353516,4.110971450805663,0.0,0.02393102645874024,0.020221710205078125,101377.0,121.68392944335938,0.0,0.0,0.0,0.0,0.0,0.0,0.0,0.0,0.0,0.0,0.0,0.0,0.0,0.0,-2.048646926879884,4.555238723754883,100330.0,92.27650451660156,309.4443054199219,0.0,14.1,0.0,0.0,0.0,0.0,302.29986572265625,302.0181579589844,0.01335,291.7092742919922,56.8,-1.6755504608154297,3.917047500610352,4.252580518368632,-1.6755504608154297,3.917047500610352,-50.0,0.0,0.0,0.0,0.0,0.0,0.0,0.0,0.0,0.0,0.0,0.0,0.2978,0.34,320.0,250.0,-150.0,8.0,-0.6000000000000001,380.0,-115.0,22.134647130966187,0.25,0.0,0.0,0.25,--,--,--,--,--,309.0,930.0,373.8,112.40151568315923,483.36134338378906,895.0,124.6,154.10000000000005,7.0,-33.0,-10.366374969482422,5.9840850830078125,-0.9158973693847656,4.209095001220703,-0.7201938629150391,-3.185394287109375,5022.4000000000015,6.0,55600.0,5020.0,6.0,55700.0,6380.0,7730.0,0.1,170.0
17,0,2019,5,21,-10.0,-999.0,0.0,37200.0,-10.0,-10.0,-10.0,6.663431093096732,3.17105484008789,6.974235534667969,1.8128814697265625,2.331214904785156,5874.0458984375,267.07489013671875,236.81625366210938,-2.9363727569580083,1.2546043395996094,3153.421875,283.31439208984375,253.49978637695312,-5.688129425048827,4.528055191040039,1526.0283203125,289.04962158203125,279.24978637695307,-2.6020736694335938,8.421821594238281,294.1053161621094,287.5431671142578,-2.517078399658203,6.559089660644531,301.5433349609375,290.2569885253906,-1.8826541900634768,4.480173110961914,0.0,0.0007610321044921875,0.017567873001098633,101336.0,117.92439270019531,0.0,0.0,0.0,0.0,0.0,0.0,0.0,0.0,0.0,0.0,0.0,0.0,0.0,0.0,-2.2456035614013667,5.100318908691406,100290.0,92.27650451660156,310.38714599609375,0.0,10.3,0.0,0.0,0.0,0.0,303.4830627441406,303.3120422363281,0.0123,290.44041442871094,48.90000000000001,-1.8113374710083008,4.244903564453125,4.630277693271637,-1.8113374710083008,4.244903564453125,-50.0,0.0,0.0,0.0,0.0,0.0,0.0,0.0,0.0,0.0,0.0,0.0,0.2978,0.37,330.0,270.0,-90.0,8.0,0.4,190.0,-200.0,23.351020097732547,0.0,0.0,0.0,0.0,--,--,--,--,--,310.4000000000001,1005.0,378.0,121.51699736155571,489.5664978027344,907.0,128.6,160.20000000000005,-5.0,-25.0,-10.6064453125,5.5101890563964835,-0.6366691589355469,3.0450973510742188,-0.3231945037841797,-3.115829467773437,5045.92,6.0,55500.0,5050.0,6.0,55500.0,6400.0,7710.0,1.1,60.0
18,0,2019,5,21,-10.0,-999.0,0.0,43100.0,-10.0,-10.0,-10.0,6.58502471446991,3.678062438964844,6.7357177734375,0.801483154296875,2.8638687133789062,5874.5654296875,267.1090240478516,236.87478637695312,-2.497823715209961,1.22283935546875,3154.1513671875,282.98162841796875,254.49978637695312,-4.502796173095703,5.433233261108398,1527.4632568359375,289.08551025390625,279.98794555664057,-2.1309585571289062,7.6670379638671875,295.3150329589844,286.4728698730469,-2.411327362060547,6.695037841796875,302.6239318847656,289.346435546875,-2.0373764038085938,4.7732582092285165,0.0,-0.0009369850158691406,0.014165639877319338,101305.0,114.85247802734376,0.0,0.0,0.0,0.0,0.0,0.0,0.0,0.0,0.0,0.0,0.0,0.0,0.0,0.0,-2.391744613647461,5.5577545166015625,100250.0,92.27650451660156,311.2300109863281,0.0,7.800000000000002,0.0,0.0,0.0,0.0,304.59527587890625,304.3975830078125,0.01166,289.5977783203125,43.6,-2.0736303329467773,4.5481300354003915,5.002705162158237,-2.0736303329467773,4.5481300354003915,-50.0,0.0,0.0,0.0,0.0,0.0,0.0,0.0,0.0,0.0,0.0,0.0,0.2978,0.39,320.0,290.0,-60.0,8.0,0.7000000000000001,120.0,-230.0,23.072497129440308,0.0,0.0,0.0,0.0,--,--,--,--,--,312.4000000000001,1021.0,379.70000000000016,123.39037757273763,494.56201171875,911.0,129.0,160.9,-11.0,-18.0,-10.296287536621094,3.962203979492188,-0.20476531982421875,2.3355064392089844,0.4647407531738281,-3.55615234375,5064.32,7.0,55400.0,5060.0,7.0,55400.0,6410.0,7710.0,1.7000000000000002,10.0
19,0,2019,5,21,-10.0,-999.0,0.0,45000.0,-10.0,-10.0,-10.0,6.3602821826934814,4.8383216857910165,8.19268798828125,1.540802001953125,4.7694244384765625,5873.54443359375,267.3437042236328,236.81228637695312,-1.511138916015625,1.5951156616210938,3151.194580078125,283.2505798339844,251.68728637695312,-2.88374137878418,5.789970397949219,1525.169677734375,288.9881591796875,279.99978637695307,-1.7420997619628906,6.625333786010742,295.96185302734375,286.3741607666016,-1.7769088745117188,6.679771423339844,303.1760559082031,289.1911315917969,-1.579498291015625,4.672889709472656,0.0,-0.028766632080078125,-0.010917901992797852,101254.0,110.45628356933594,0.0,0.0,0.0,0.0,0.0,0.0,0.0,0.0,0.0,0.0,0.0,0.0,0.0,0.0,-1.9870147705078125,5.653949737548827,100200.0,92.27650451660156,310.5501403808594,0.0,6.2,0.0,0.0,0.0,0.0,304.8491516113281,304.6649169921875,0.01147,289.3166809082031,42.0,-1.6178274154663086,4.4979896545410165,4.8175222533754996,-1.6178274154663086,4.4979896545410165,-50.0,0.0,0.0,0.0,0.0,0.0,0.0,0.0,0.0,0.0,0.0,0.0,0.2978,0.37,270.0,260.0,-20.0,8.0,1.0,110.0,-268.0,22.965923070907593,0.0,0.0,0.0,0.0,--,--,--,--,--,312.0,971.0,381.9,117.39023356791586,490.5120391845703,904.0,124.0,155.5,-13.0,-16.0,-9.32628059387207,2.5726280212402344,-0.028842926025390625,2.1418914794921875,1.0666770935058594,-3.2696304321289062,5082.72,7.0,55200.0,5080.0,7.0,55200.0,6450.0,7720.0,1.8,10.0
20,0,2019,5,21,-10.0,-999.0,0.0,46200.0,-10.0,-10.0,-10.0,5.856537953019142,6.2747650146484375,7.389137268066406,2.189990997314453,6.03106689453125,5872.38037109375,267.5081787109375,237.24978637695312,-1.6789684295654297,2.778980255126953,3150.33251953125,282.85699462890625,254.31228637695312,-2.1689605712890625,6.3646602630615225,1524.9854736328125,289.11322021484375,282.9372863769531,-1.2249641418457031,6.273275375366211,296.476806640625,286.81764221191406,-1.587646484375,6.2966270446777335,303.3853759765625,289.0491485595703,-1.2464962005615234,4.327312469482422,0.0,-0.027384281158447262,-0.005431413650512695,101226.0,107.81361389160156,0.0,0.0,0.0,0.0,0.0,0.0,0.0,0.0,0.0,0.0,0.0,0.0,0.0,0.0,-1.631826400756836,5.338300704956055,100170.0,92.27650451660156,310.17529296875,0.0,5.2,0.0,0.0,0.0,0.0,304.8855895996094,304.74542236328125,0.01135,289.1430206298828,41.1,-1.3285951614379885,4.2105369567871085,4.443509717937559,-1.3285951614379885,4.2105369567871085,-50.0,0.0,0.0,0.0,0.0,0.0,0.0,0.0,0.0,0.0,0.0,0.0,0.2978,0.35000000000000003,240.0,240.0,-10.0,8.0,1.2000000000000002,80.0,-280.0,24.62798845767975,0.5,0.0,0.0,0.5,--,--,--,--,--,310.1,858.0,385.8,103.63634322769941,488.2286834716797,877.0,117.0,144.1,-19.0,-16.0,-9.022052764892578,2.449859619140625,-0.06413841247558594,2.1130046844482417,0.6230888366699219,-1.7932014465332031,5092.8,7.0,55100.0,5090.0,7.0,55100.0,6470.0,7730.0,1.9,10.0
21,0,2019,5,21,-10.0,-999.0,0.0,47500.0,-10.0,-10.0,-10.0,5.485772728919983,7.462230682373048,7.0059814453125,3.919467926025391,7.1042022705078125,5869.5458984375,267.32962036132807,237.93728637695312,-2.7848987579345703,3.818031311035156,3151.598388671875,282.04437255859375,257.18728637695307,-0.9801464080810548,6.500749588012695,1527.9189453125,289.5154113769531,281.91835021972656,-0.34046173095703125,5.089160919189453,296.84698486328125,286.0949401855469,-0.6713428497314453,5.685447692871094,303.6628112792969,288.7982177734375,-0.8109264373779297,4.4499778747558585,0.0,0.028323650360107425,0.013753175735473631,101245.0,109.26821899414062,0.0,0.0,0.0,0.0,0.0,0.0,0.0,0.0,0.0,0.0,0.0,0.0,0.0,0.0,-0.9814567565917968,5.155616760253906,100190.0,92.27650451660156,309.112060546875,0.0,4.6000000000000005,0.0,0.0,0.0,0.0,305.0156555175781,304.84771728515625,0.01119,288.9239959716797,40.0,-0.8597440719604492,4.214162826538087,4.318592241499573,-0.8597440719604492,4.214162826538087,-50.0,0.0,0.0,0.0,0.0,0.0,0.0,0.0,0.0,0.0,0.0,0.0,0.2978,0.33,180.0,200.0,0.0,8.0,1.1,70.0,-238.0,24.744165062904358,0.5,0.0,0.0,0.5,--,--,--,--,--,308.0,695.0,385.5,84.00901142973454,481.5041198730469,832.0,108.0,127.9,-7.0,-7.0,-4.709306716918945,11.628509521484375,0.3781261444091797,1.2914085388183594,-1.097747802734375,-0.5551948547363281,5060.0,8.0,55300.0,5060.0,8.0,55400.0,6460.0,7720.0,1.7000000000000002,0.0
22,0,2019,5,21,-10.0,-999.0,0.0,44500.0,-10.0,-10.0,-10.0,5.7633725702762595,9.269611358642578,4.112262725830078,8.131137847900389,5.867111206054688,5867.947265625,267.76568603515625,236.99978637695312,-2.4709453582763667,4.762664794921875,3150.164794921875,281.35202026367193,260.62478637695307,-0.2263755798339844,6.163726806640625,1526.900634765625,289.4404296875,283.30738830566406,0.05088424682617188,4.696697235107422,296.36865234375,287.69964599609375,-0.19423294067382807,6.111976623535156,303.31689453125,289.42230224609375,-0.3894968032836914,4.726465225219727,0.0,0.02190732955932617,-0.013895273208618164,101246.0,109.13905334472656,0.0,0.0,0.0,0.0,0.0,0.0,0.0,0.0,0.0,0.0,0.0,0.0,0.0,0.0,-0.3057117462158203,5.60453987121582,100190.0,92.27650451660156,306.8851623535156,0.0,4.2,0.0,0.0,0.0,0.0,304.292724609375,304.14312744140625,0.01163,289.5404968261719,42.6,-0.33915138244628906,4.451028823852539,4.442444802261888,-0.33915138244628906,4.451028823852539,-50.0,0.0,0.0,0.0,0.0,0.0,0.0,0.0,0.0,0.0,0.0,0.0,0.2978,0.33,110.0,160.0,60.0,8.0,1.2000000000000002,80.0,-205.0,25.88023674488068,0.625,0.0,0.0,0.625,--,--,--,--,--,304.5,492.0,387.70000000000016,59.37692602525932,467.5773315429688,738.0,99.3,107.0,-5.0,-6.0,-3.0627403259277344,12.38131332397461,0.3982105255126953,1.4340553283691406,-1.1061553955078125,-0.3099517822265625,5113.440000000001,8.0,55000.0,5110.0,8.0,55000.0,6510.0,7770.0,1.6,20.0
23,0,2019,5,21,-10.0,-999.0,0.0,39100.0,-10.0,-10.0,-10.0,5.505384907126427,9.490951538085938,2.0242156982421875,9.450607299804688,3.939407348632813,5865.96337890625,268.01063537597656,236.93728637695312,-2.259906768798828,5.430122375488281,3147.31640625,281.14556884765625,261.99978637695307,-0.2721729278564453,5.635334014892577,1524.31396484375,289.1534118652344,282.9372863769531,0.8699951171875,2.867931365966797,295.61474609375,287.6872863769531,0.20661544799804688,5.8266143798828125,302.57952880859375,290.5622863769531,0.1161518096923828,4.3312416076660165,0.0,0.003860950469970703,0.0007731914520263673,101251.0,109.59607696533205,0.0,0.0,0.0,0.0,0.0,0.0,0.0,0.0,0.0,0.0,0.0,0.0,0.0,0.0,0.24774932861328125,5.278450012207031,100200.0,92.27650451660156,304.5314636230469,0.0,4.0,0.0,0.0,0.0,0.0,303.2270812988281,303.06280517578125,0.012520000000000002,290.6872863769531,48.0,0.1934423446655273,3.8864040374755855,3.9398620303254575,0.1934423446655273,3.8864040374755855,-50.0,0.0,0.0,0.0,0.0,0.0,0.0,0.0,0.0,0.0,0.0,0.0,0.2978,0.29,50.0,100.0,50.0,8.0,0.7000000000000001,210.0,-123.0,27.117167830467228,0.0,0.0,0.0,0.0,--,--,--,--,--,301.6,273.1,387.20000000000016,33.000463976612075,453.6539306640625,584.0,78.60000000000002,78.80000000000003,12.0,3.0,3.2596530914306636,11.089813232421877,0.2880477905273437,1.5163593292236328,-1.156414031982422,0.7353286743164062,5145.6,8.0,54700.0,5150.0,8.0,54700.0,6550.0,7800.0,1.2000000000000002,90.0
