Hour,Minute,Year,Month,Date,ATT1,ATT2,ATT3,ATT4,ATT5,ATT6,ATT7,ATT8,ATT9,ATT10,ATT11,ATT12,ATT13,ATT14,ATT15,ATT16,ATT17,ATT18,ATT19,ATT20,ATT21,ATT22,ATT23,ATT24,ATT25,ATT26,ATT27,ATT28,ATT29,ATT30,ATT31,ATT32,ATT33,ATT34,ATT35,ATT36,ATT37,ATT38,ATT39,ATT40,ATT41,ATT42,ATT43,ATT44,ATT45,ATT46,ATT47,ATT48,ATT49,ATT50,ATT51,ATT52,ATT53,ATT54,ATT55,ATT56,ATT57,ATT58,ATT59,ATT60,ATT61,ATT62,ATT63,ATT64,ATT65,ATT66,ATT67,ATT68,ATT69,ATT70,ATT71,ATT72,ATT73,ATT74,ATT75,ATT76,ATT77,ATT78,ATT79,ATT80,ATT81,ATT82,ATT83,ATT84,ATT85,ATT86,ATT87,ATT88,ATT89,ATT90,ATT91,ATT92,ATT93,ATT94,ATT95,ATT96,ATT97,ATT98,ATT99,ATT100,ATT101,ATT102,ATT103,ATT104,ATT105,ATT106,ATT107,ATT108,ATT109,ATT110,ATT111,ATT112,ATT113,ATT114,ATT115,ATT116,ATT117,ATT118,ATT119,ATT120,ATT121,ATT122,ATT123,ATT124,ATT125,ATT126,ATT127,ATT128,ATT129,ATT130,ATT131,ATT132
0,0,2018,12,10,-10.0,-999.0,0.0,15700.0,-10.0,-10.0,-10.0,9.081437215209007,51.26356315612793,21.496501922607425,44.85539245605469,24.78376007080078,5672.3369140625,261.4737548828125,222.12478637695312,35.782470703125,12.50531768798828,3045.750732421875,273.2772979736328,258.87478637695307,18.680967330932614,-3.5812301635742188,1467.8599853515625,276.6147918701172,271.18728637695307,6.728931427001952,-5.871877670288086,273.4078369140625,273.24978637695307,2.9851951599121094,-10.304906845092773,277.9071044921875,276.37478637695307,5.8588409423828125,-5.880317687988281,0.0,-0.0294189453125,-0.02318549156188965,101949.0,157.29524707794192,0.0,0.0,0.0,0.0,0.0,0.0,0.0,0.0,0.0,0.0,0.0,0.0,0.0,0.0,5.044578552246094,-4.779016494750977,101770.0,15.026504516601562,279.4517822265625,0.0,96.6,0.2,0.0,0.0,0.0,279.1602935791016,277.78173828125,0.004940000000000001,277.06228637695307,86.80000000000004,3.103710174560547,-2.507177352905273,4.00251676957123,3.103710174560547,-2.507177352905273,-50.0,0.0,0.0,0.0,0.0,0.0,0.0,0.0,0.0,0.0,0.0,0.0,0.3548,0.28,11.0,32.0,50.0,8.0,23.6,0.0,0.0,13.14538137614727,97.0,0.0,0.0,97.0,96700.0,435.09040451049805,293.4481201171875,89600.0,1316.8847618103027,251.7,0.0,334.6,0.0,321.57867431640625,0.0,0.0,0.0,72.0,-65.8,16.32386589050293,-9.777969360351562,-1.2816104888916016,-7.60478401184082,30.951276779174805,18.231300354003906,838.08,99.0,92000.0,3070.0,33.0,69800.0,5440.0,6870.0,16.0,0.0
1,0,2018,12,10,-10.0,-999.0,0.0,16700.0,-10.0,-10.0,-10.0,9.606626279652119,49.96588897705078,20.83652114868164,45.74472045898438,24.38725662231445,5670.71142578125,261.49270629882807,203.68728637695312,36.32597732543945,13.422361373901367,3045.81884765625,272.7978973388672,257.49978637695307,19.44455337524414,-3.5477523803710938,1471.5582275390625,276.22222900390625,271.31228637695307,7.771495819091798,-5.743436813354492,272.67324829101557,272.56228637695307,2.318706512451172,-11.081554412841797,277.3670654296875,275.43728637695307,5.9280147552490225,-6.4163246154785165,0.0,-0.002968788146972656,0.030997276306152344,102032.0,163.6607246398926,0.0,0.0,0.0,0.0,0.0,0.0,0.0,0.0,0.0,0.0,0.0,0.0,0.0,0.0,5.22064208984375,-4.975652694702148,101860.0,15.026504516601562,279.1020050048828,0.0,96.4,0.2,0.0,0.0,0.0,278.8513946533203,277.373764038086,0.00474,276.43728637695307,85.0,3.28045654296875,-2.501764297485352,4.126092787948437,3.28045654296875,-2.501764297485352,-50.0,0.0,0.0,0.0,0.0,0.0,0.0,0.0,0.0,0.0,0.0,0.0,0.3541,0.29,10.0,36.0,50.0,8.0,24.4,10.0,-1.0,12.605984106659891,100.0,0.0,0.0,100.0,96700.0,434.220121383667,292.8869171142578,89600.0,1314.2379531860354,251.1,0.0,331.8,0.0,320.03221130371094,0.0,0.0,0.0,64.0,-72.3,16.84701156616211,-9.706581115722656,-1.9199542999267576,-7.919471740722656,31.31689262390137,19.408611297607425,703.2,100.0,93600.0,3000.0,31.0,70300.0,5450.0,6870.0,16.8,0.0
2,0,2018,12,10,-10.0,-999.0,0.0,16700.0,-10.0,-10.0,-10.0,9.734164755791426,51.09601402282715,21.582752227783203,46.71292686462402,24.33393859863281,5660.18701171875,261.14523315429693,227.56228637695312,36.873849868774414,12.55124282836914,3043.667724609375,272.0525360107422,258.18728637695307,17.716859817504886,-3.9316673278808594,1473.5235595703125,275.6978759765625,270.87478637695307,8.759746551513674,-6.324516296386719,272.42544555664057,272.07424926757807,2.2048072814941406,-10.987646102905273,276.93980407714844,274.95199584960943,5.708000183105469,-6.8084564208984375,0.0,-0.029699325561523438,0.011708498001098631,102082.0,167.34706020355225,0.0,0.0,0.0,0.0,0.0,0.0,0.0,0.0,0.0,0.0,0.0,0.0,0.0,0.0,5.04503059387207,-5.431671142578125,101900.0,15.026504516601562,278.708724975586,0.0,96.2,0.1,0.0,0.0,0.0,278.51937866210943,277.0199737548828,0.0046500000000000005,276.2117919921875,84.9,3.172107696533203,-2.8348789215087886,4.254504703916608,3.172107696533203,-2.8348789215087886,-50.0,0.0,0.0,0.0,0.0,0.0,0.0,0.0,0.0,0.0,0.0,0.0,0.3541,0.29,5.0,33.0,50.0,8.0,24.4,10.0,0.0,12.752145618200302,100.0,0.0,0.0,100.0,96800.0,433.5792770385742,292.5719375610352,89700.0,1312.699935913086,248.6,0.0,330.2000000000001,0.0,318.08636474609375,0.0,0.0,0.0,45.0,-69.2,16.258934020996097,-10.27873992919922,-1.8040008544921875,-7.552532196044923,32.58555221557617,19.21399688720703,651.36,100.0,94200.0,2890.0,37.0,71300.0,5330.0,6750.0,17.400000000000002,0.0
3,0,2018,12,10,-10.0,-999.0,0.0,16500.0,-10.0,-10.0,-10.0,9.224722642451523,52.78238105773926,24.13295745849609,47.64423561096192,25.88613128662109,5656.37109375,261.2431030273437,204.62478637695312,36.188405990600586,9.315092086791992,3043.7294921875,271.66021728515625,256.18728637695307,18.006072998046875,-4.0871620178222665,1477.739013671875,275.52752685546875,269.62478637695307,9.670511245727539,-7.3128414154052725,272.17660522460943,271.81228637695307,2.453756332397461,-10.456649780273438,276.73504638671875,274.87478637695307,5.342473983764648,-6.507354736328125,0.0,0.02077484130859375,-0.02859663963317871,102130.0,171.1359910964966,0.0,0.0,0.0,0.0,0.0,0.0,0.0,0.0,0.0,0.0,0.0,0.0,0.0,0.0,4.76612663269043,-5.242807388305664,101960.0,15.026504516601562,278.39413452148443,0.0,96.1,0.1,0.0,0.0,0.0,278.20399475097656,276.66864013671875,0.004560000000000001,275.93728637695307,85.30000000000003,2.9864826202392583,-2.8327579498291016,4.127413349226116,2.9864826202392583,-2.8327579498291016,-50.0,0.0,0.0,0.0,0.0,0.0,0.0,0.0,0.0,0.0,0.0,0.0,0.3541,0.28,5.0,30.0,50.0,8.0,25.0,10.0,0.0,11.761558175086975,100.0,0.0,0.0,100.0,96800.0,433.3164939880371,292.32899475097656,94700.0,822.0306091308594,249.7,0.0,329.2000000000001,0.0,316.6566467285156,0.0,0.0,0.0,22.0,-67.0,15.740474700927734,-11.084692001342773,-0.7818946838378906,-7.239372253417969,32.289901733398445,15.49932861328125,587.6,100.0,95000.0,2810.0,34.0,72100.0,5210.0,6740.0,17.8,0.0
4,0,2018,12,10,-10.0,-999.0,0.0,16100.0,-10.0,-10.0,-10.0,8.535899579524994,51.14883804321289,24.664295196533203,46.73814964294434,25.959800720214844,5654.1865234375,260.77987670898443,224.93728637695312,37.07906150817871,5.1948280334472665,3046.47119140625,271.50048828125,255.74978637695312,16.53498649597168,-3.4506130218505864,1481.506591796875,275.8533935546875,269.81228637695307,9.502634048461914,-7.6777801513671875,271.76785278320307,271.68728637695307,2.642526626586914,-10.106130599975586,276.29844665527344,274.81228637695307,4.175123214721681,-6.5319786071777335,0.0,0.02910852432250977,-0.004984140396118164,102171.0,174.05431175231934,0.0,0.0,0.0,0.0,0.0,0.0,0.0,0.0,0.0,0.0,0.0,0.0,0.0,0.0,3.6185283660888654,-5.1767578125,102000.0,15.026504516601562,278.17344665527344,0.0,95.9,0.1,0.0,0.0,0.0,277.9499664306641,276.3868560791016,0.00451,275.74978637695307,86.0,2.25927734375,-2.98249626159668,3.751706256531179,2.25927734375,-2.98249626159668,-50.0,0.0,0.0,0.0,0.0,0.0,0.0,0.0,0.0,0.0,0.0,0.0,0.3541,0.26,8.0,28.0,50.0,8.0,24.9,10.0,0.0,12.150714486837387,100.0,0.0,0.0,100.0,96900.0,432.81346702575684,291.9292907714844,92300.0,1049.947078704834,248.7,0.0,328.2000000000001,0.0,315.82666015625,0.0,0.0,0.0,23.0,-59.0,14.120277404785154,-11.89111328125,0.4776172637939453,-6.457756042480469,34.687767028808594,11.340850830078125,579.52,100.0,95200.0,2780.0,35.0,72400.0,4400.0,6700.0,16.8,0.0
5,0,2018,12,10,-10.0,-999.0,0.0,15400.0,-10.0,-10.0,-10.0,8.463380333036183,52.12274551391602,22.458580017089844,47.67488288879394,24.22539138793945,5651.4248046875,260.44418334960943,224.43728637695312,37.245513916015625,3.3952369689941406,3045.1064453125,271.45925903320307,255.31228637695312,16.4210786819458,-3.795612335205078,1480.083251953125,276.0712432861328,271.93728637695307,8.724325180053711,-8.819429397583008,271.5269775390625,271.52413940429693,2.7229156494140625,-10.158191680908203,276.24282836914057,274.9569702148437,4.077079772949219,-6.150760650634768,0.0,0.003628253936767578,-0.016188383102416992,102170.0,173.96416664123538,0.0,0.0,0.0,0.0,0.0,0.0,0.0,0.0,0.0,0.0,0.0,0.0,0.0,0.0,3.685249328613281,-4.8819541931152335,101990.0,15.026504516601562,278.01113891601557,0.0,95.7,0.1,0.0,0.0,0.0,277.75955200195307,276.25372314453125,0.004529999999999999,275.86282348632807,87.5,2.6423816680908203,-2.8311843872070312,3.878021443495527,2.6423816680908203,-2.8311843872070312,-50.0,0.0,0.0,0.0,0.0,0.0,0.0,0.0,0.0,0.0,0.0,0.0,0.3541,0.27,8.0,25.0,40.0,8.0,24.6,10.0,0.0,12.722624614834785,100.0,0.0,0.0,100.0,96900.0,432.5738182067871,291.81767654418945,89800.0,1311.7258911132812,250.8,0.0,327.5,0.0,314.96978759765625,0.0,0.0,0.0,11.0,-60.0,13.563722610473633,-12.436574935913086,-0.15214157104492188,-6.717180252075195,34.984024047851555,9.328620910644533,554.32,100.0,95500.0,2770.0,35.0,72400.0,4400.0,6610.0,15.7,0.0
6,0,2018,12,10,-10.0,-999.0,0.0,15500.0,-10.0,-10.0,-10.0,8.414088550955057,53.0632266998291,21.417362213134766,47.9688720703125,21.464618682861328,5652.9775390625,259.96890258789057,203.49978637695312,37.34467887878418,0.31781578063964844,3044.93310546875,271.5806884765625,252.31228637695312,17.155826568603516,-4.5804100036621085,1480.719970703125,275.97052001953125,271.68728637695307,8.359828948974611,-8.88455581665039,271.36154174804693,271.3322296142578,2.80471420288086,-9.878110885620117,275.98764038085943,274.7527618408203,4.142913818359375,-6.044757843017577,0.0,-0.028432846069335938,-0.02497529983520508,102188.0,175.2070083618164,0.0,0.0,0.0,0.0,0.0,0.0,0.0,0.0,0.0,0.0,0.0,0.0,0.0,0.0,3.51788330078125,-4.859743118286133,102010.0,15.026504516601562,277.86221313476557,0.0,95.6,0.1,0.0,0.0,0.0,277.6258544921875,276.0723419189453,0.00447,275.6353759765625,87.10000000000002,2.470724105834961,-3.167915344238281,4.001966777257621,2.470724105834961,-3.167915344238281,-50.0,0.0,0.0,0.0,0.0,0.0,0.0,0.0,0.0,0.0,0.0,0.0,0.3541,0.27,8.0,26.0,40.0,8.0,24.3,10.0,0.0,11.857301056385039,100.0,0.0,0.0,100.0,96900.0,432.3137855529785,291.6706199645996,89800.0,1311.0856170654295,253.7,0.0,326.9000000000001,0.0,314.31817626953125,0.0,0.0,0.0,31.0,-48.0,13.13861846923828,-12.966466903686525,0.2857246398925781,-5.9139461517333975,34.810474395751946,5.912467956542969,551.84,100.0,95500.0,2780.0,26.0,72300.0,4580.0,6520.0,15.6,0.0
7,0,2018,12,10,-10.0,-999.0,0.0,16200.0,-10.0,-10.0,-10.0,8.475845023989677,53.01971435546875,21.8120231628418,46.96392059326172,19.18931198120117,5652.6748046875,259.36199951171875,208.68728637695312,37.7569694519043,-1.717695236206055,3042.5546875,271.598388671875,250.93728637695312,16.74634838104248,-4.899749755859375,1480.056640625,275.81826782226557,271.12478637695307,8.084104537963867,-9.131568908691406,271.14859008789057,271.12478637695307,3.082256317138672,-9.522502899169922,276.12716674804693,274.56228637695307,4.3990135192871085,-6.0938453674316415,0.0,-0.00022411346435546875,-0.027206897735595703,102185.0,175.08418846130368,0.0,0.0,0.0,0.0,0.0,0.0,0.0,0.0,0.0,0.0,0.0,0.0,0.0,0.0,3.796045303344727,-4.944795608520508,102010.0,15.026504516601562,277.7085723876953,0.0,95.5,0.1,0.0,0.0,0.0,277.6324462890625,276.06539916992193,0.004410000000000001,275.4376220703125,85.7,2.5467567443847656,-3.1943950653076167,4.0645664918702105,2.5467567443847656,-3.1943950653076167,-50.0,0.0,0.0,0.0,0.0,0.0,0.0,0.0,0.0,0.0,0.0,0.0,0.3541,0.28,3.0,26.0,40.0,8.0,23.8,10.0,-1.0,11.433793425559998,100.0,0.0,0.0,100.0,96900.0,432.53104782104487,291.8011550903321,92300.0,1303.2264556884766,252.1,0.0,326.8,0.0,313.6591339111328,0.0,0.0,0.0,32.0,-40.3,12.84970474243164,-13.332679748535154,0.8277053833007812,-5.650718688964844,34.99640846252441,3.9600677490234375,518.96,100.0,95900.0,2750.0,25.0,72600.0,4810.0,6430.0,15.5,0.0
8,0,2018,12,10,-10.0,-999.0,0.0,16900.0,-10.0,-10.0,-10.0,8.57772441022098,51.67234802246094,22.410076141357425,46.73786163330078,18.77249526977539,5650.31640625,259.00909423828125,213.87478637695312,37.40398788452149,-1.3917293548583984,3040.27734375,271.3925170898437,250.62478637695312,15.905978202819824,-5.255901336669922,1479.580810546875,275.51788330078125,270.74978637695307,7.825084686279298,-9.16872787475586,270.88906860351557,270.87478637695307,3.243316650390625,-9.585567474365234,275.9510498046875,275.43728637695307,4.263460159301759,-6.392641067504883,0.0,-0.021741867065429688,-0.009186267852783205,102198.0,175.898193359375,0.0,0.0,0.0,0.0,0.0,0.0,0.0,0.0,0.0,0.0,0.0,0.0,0.0,0.0,3.813440322875977,-5.266767501831055,102020.0,15.026504516601562,277.60459899902344,0.0,95.4,0.0,0.0,0.0,0.0,277.4593048095703,275.8920440673828,0.00427,275.04302978515625,84.4,2.5604171752929688,-3.3951778411865234,4.2530112091917545,2.5604171752929688,-3.3951778411865234,-50.0,0.0,0.0,0.0,0.0,0.0,0.0,0.0,0.0,0.0,0.0,0.0,0.3541,0.29,6.0,31.0,40.0,8.0,23.9,10.0,-1.0,11.163460850715637,100.0,0.0,0.0,100.0,98700.0,283.0320739746094,177.8054428100586,92400.0,1047.4461135864258,250.9,0.0,328.2000000000001,0.0,313.2121124267578,0.0,0.0,0.0,27.0,-39.90000000000001,12.73300552368164,-13.581258773803713,1.0663986206054688,-5.7005767822265625,34.817371368408196,4.7573204040527335,485.28,100.0,96300.0,2670.0,27.0,73300.0,4840.0,6390.0,15.7,0.0
9,0,2018,12,10,-10.0,-999.0,0.0,16000.0,-10.0,-10.0,-10.0,8.3461312353611,50.81869983673096,21.55997467041016,46.689430236816406,18.213207244873047,5648.57470703125,258.71609497070307,220.43728637695312,37.07093048095703,1.5855369567871094,3039.61376953125,271.2593994140625,250.81228637695312,15.036466598510742,-5.298101425170898,1480.06494140625,275.40383911132807,270.43728637695307,7.960887908935548,-9.099021911621094,270.8058319091797,270.7639312744141,3.7986984252929688,-9.490962982177734,275.7740478515625,274.2588348388672,4.096019744873047,-5.9950828552246085,0.0,0.023029327392578125,0.010500431060791016,102212.0,177.02020263671875,0.0,0.0,0.0,0.0,0.0,0.0,0.0,0.0,0.0,0.0,0.0,0.0,0.0,0.0,3.608444213867188,-4.872636795043945,102040.0,15.026504516601562,277.43362426757807,0.0,95.2,0.0,0.0,0.0,0.0,277.23326110839844,275.66876220703125,0.0043,275.12478637695307,86.10000000000002,2.443422317504884,-3.0281715393066406,3.8775761565193534,2.443422317504884,-3.0281715393066406,-50.0,0.0,0.0,0.0,0.0,0.0,0.0,0.0,0.0,0.0,0.0,0.0,0.3541,0.27,7.0,26.0,40.0,8.0,23.8,10.0,-1.0,10.959810331463814,100.0,0.0,0.0,100.0,96900.0,431.915319442749,291.3408660888672,92400.0,1046.9976959228516,249.5,0.0,325.0,0.0,312.43287658691406,0.0,0.0,0.0,12.0,-43.1,13.099376678466795,-12.987762451171875,1.987213134765625,-6.0917396545410165,34.78766441345215,7.6102943420410165,466.88,100.0,96600.0,2600.0,29.0,73900.0,4810.0,6350.0,15.7,0.0
10,0,2018,12,10,-10.0,-999.0,0.0,15600.0,-10.0,-10.0,-10.0,8.293581921607256,51.25342655181885,21.675701141357425,47.7138729095459,18.259071350097656,5644.376953125,258.27130126953125,224.7639923095703,37.51797294616699,4.451118469238281,3037.109375,270.86851501464844,250.56228637695312,14.615335464477539,-5.797409057617188,1481.3031005859375,274.508804321289,268.81228637695307,7.731880187988281,-11.338874816894533,271.18478393554693,271.12478637695307,4.123016357421875,-9.528825759887695,275.83389282226557,274.62478637695307,3.9554719924926762,-5.198942184448242,0.0,0.022630691528320312,0.005445957183837891,102205.0,176.45369911193848,0.0,0.0,0.0,0.0,0.0,0.0,0.0,0.0,0.0,0.0,0.0,0.0,0.0,0.0,3.317737579345703,-3.987094879150391,102030.0,15.026504516601562,277.42141723632807,0.0,95.1,0.0,0.0,0.0,0.0,277.19546508789057,275.685287475586,0.0043300000000000005,275.18728637695307,86.80000000000004,2.1021976470947266,-2.4093093872070312,3.191938274540007,2.1021976470947266,-2.4093093872070312,-50.0,0.0,0.0,0.0,0.0,0.0,0.0,0.0,0.0,0.0,0.0,0.0,0.3541,0.22,5.0,19.0,30.0,8.0,23.20000000000001,0.0,-3.0,10.616348639130592,100.0,0.0,0.0,100.0,96900.0,432.1591243743897,291.44204330444336,92400.0,1048.861801147461,250.1,0.0,325.9000000000001,0.0,312.3494567871094,0.0,0.0,0.0,-20.0,-48.90000000000001,13.572614669799805,-12.866044998168945,3.668834686279297,-7.428199768066406,35.28766250610352,9.982460021972656,536.8,100.0,95700.0,2490.0,31.0,74900.0,4750.0,6300.0,16.0,0.0
11,0,2018,12,10,-10.0,-999.0,0.0,15600.0,-10.0,-10.0,-10.0,8.476976465433836,50.19205665588379,22.2302360534668,46.855918884277344,18.742847442626953,5639.5048828125,257.7379302978516,226.74978637695312,37.56248474121094,7.438018798828125,3036.768310546875,270.61474609375,250.24978637695312,14.240966796875,-5.544513702392578,1482.84228515625,274.4124298095703,268.99978637695307,8.601640701293945,-12.056421279907227,270.95721435546875,270.8938140869141,4.278594970703125,-9.988750457763672,275.9019317626953,274.694580078125,4.237794876098634,-5.307395935058594,0.0,-0.00659942626953125,-0.022475719451904297,102230.0,178.39308738708496,0.0,0.0,0.0,0.0,0.0,0.0,0.0,0.0,0.0,0.0,0.0,0.0,0.0,0.0,3.4761219024658203,-3.9916839599609375,102050.0,15.026504516601562,277.465087890625,0.0,95.0,0.0,0.0,0.0,0.0,277.2412567138672,275.6584014892578,0.00432,275.1757354736328,86.5,2.188852310180664,-2.5900745391845703,3.3773329828400165,2.188852310180664,-2.5900745391845703,-50.0,0.0,0.0,0.0,0.0,0.0,0.0,0.0,0.0,0.0,0.0,0.0,0.3541,0.23,7.0,19.0,30.0,8.0,22.70000000000001,0.0,-2.0,10.475715607404707,100.0,0.0,0.0,100.0,96900.0,432.2908535003662,291.5482254028321,92400.0,1048.6973838806152,249.9,0.0,326.0,0.0,312.59483337402344,0.0,0.0,0.0,-38.0,-58.7,14.249448776245115,-12.495546340942385,3.731517791748047,-8.342605590820312,35.24351501464844,13.151660919189453,522.08,100.0,95900.0,2390.0,30.0,75900.0,4600.0,6240.0,15.5,0.0
12,0,2018,12,10,-10.0,-999.0,0.0,15700.0,-10.0,-10.0,-10.0,8.333912275731564,51.98741912841797,23.500343322753906,48.21989059448242,19.906532287597656,5637.6396484375,257.2155914306641,227.62478637695312,38.28759002685547,9.827657699584961,3040.295654296875,270.2435913085937,248.99978637695312,14.320164680480955,-4.917816162109375,1488.4932861328125,274.456069946289,269.56228637695307,8.919286727905273,-12.94281005859375,270.92958068847656,270.92459106445307,4.594488143920898,-10.077999114990234,275.86679077148443,274.5406951904297,4.5109825134277335,-5.2964820861816415,0.0,0.021518707275390625,-0.012767791748046877,102307.0,184.5362434387207,0.0,0.0,0.0,0.0,0.0,0.0,0.0,0.0,0.0,0.0,0.0,0.0,0.0,0.0,3.7971401214599614,-3.7675704956054688,102130.0,15.026504516601562,277.5074920654297,0.0,94.9,0.0,0.0,0.0,0.0,277.41981506347656,275.76063537597656,0.004350000000000001,275.31333923339844,86.2,2.469959259033203,-2.3415660858154297,3.3799389712512493,2.469959259033203,-2.3415660858154297,-50.0,0.0,0.0,0.0,0.0,0.0,0.0,0.0,0.0,0.0,0.0,0.0,0.3541,0.23,4.0,17.0,30.0,8.0,22.0,10.0,-1.0,10.453570872545242,100.0,0.0,0.0,100.0,97000.0,432.34252166748047,291.64646148681635,92500.0,1048.466278076172,249.2,0.0,325.8,0.0,312.8413391113281,0.0,0.0,0.0,-54.0,-68.7,14.816818237304688,-11.969564437866213,3.226020812988281,-9.264192581176758,35.51709747314453,15.41568374633789,488.72,100.0,96400.0,2230.0,33.0,77400.0,4440.0,6170.0,14.6,0.0
13,0,2018,12,10,-10.0,-999.0,0.0,15600.0,-10.0,-10.0,-10.0,8.585611753165724,54.024168968200684,24.58074951171875,49.42321968078613,22.267330169677734,5635.72314453125,256.7729949951172,222.31228637695312,38.45378875732422,11.020008087158203,3044.334228515625,270.0011444091797,248.06228637695312,14.088088035583494,-3.56814956665039,1494.027587890625,274.58242797851557,270.87478637695307,8.757240295410156,-12.06995964050293,271.05996704101557,271.00177001953125,5.2926025390625,-10.136585235595703,275.8000946044922,274.58499145507807,4.852180480957031,-5.33411979675293,0.0,-0.006124496459960938,0.002559661865234375,102373.0,189.70032119750977,0.0,0.0,0.0,0.0,0.0,0.0,0.0,0.0,0.0,0.0,0.0,0.0,0.0,0.0,4.003063201904297,-4.0002479553222665,102190.0,15.026504516601562,277.56442260742193,0.0,94.8,0.0,0.0,0.0,0.0,277.46209716796875,275.79959106445307,0.004379999999999999,275.43728637695307,86.4,2.5640430450439453,-2.442331314086914,3.565094339894132,2.5640430450439453,-2.442331314086914,-50.0,0.0,0.0,0.0,0.0,0.0,0.0,0.0,0.0,0.0,0.0,0.0,0.3541,0.24,3.0,16.0,30.0,8.0,21.4,10.0,0.0,10.588566377758982,100.0,0.0,0.0,100.0,97100.0,432.3526439666748,291.63681411743164,89900.0,1311.3852996826172,251.6,2.1,326.0,0.25,313.0730285644531,0.0,2.1,70.4,-37.0,-64.0,14.993402481079102,-11.262659072875975,3.5433883666992188,-9.138851165771484,35.7997932434082,16.66971206665039,491.76,100.0,96400.0,2130.0,38.0,78600.0,4300.0,6140.0,13.3,0.0
14,0,2018,12,10,-10.0,-999.0,0.0,15400.0,-10.0,-10.0,-10.0,7.917555715888739,53.467318534851074,25.27255630493164,51.27976036071777,21.47701644897461,5629.4521484375,256.51608276367193,212.31228637695312,40.819788932800286,10.60274887084961,3047.367919921875,269.3402709960937,246.49978637695312,13.887779235839846,-2.64154052734375,1498.500732421875,274.84381103515625,268.87478637695307,7.940885543823242,-10.41845703125,271.67855834960943,271.62478637695307,4.664617538452148,-9.649433135986328,275.88905334472656,274.87478637695307,4.3055782318115225,-4.9395103454589835,0.0,0.00534820556640625,-0.027412891387939453,102422.0,193.5804901123047,0.0,0.0,0.0,0.0,0.0,0.0,0.0,0.0,0.0,0.0,0.0,0.0,0.0,0.0,3.4436130523681636,-3.8878803253173833,102240.0,15.026504516601562,278.23519897460943,0.0,94.6,0.0,0.0,0.0,0.0,277.8350067138672,276.1327514648437,0.0044800000000000005,275.7364044189453,86.5,2.1713104248046875,-2.512924194335937,3.3150114549789578,2.1713104248046875,-2.512924194335937,-50.0,0.0,0.0,0.0,0.0,0.0,0.0,0.0,0.0,0.0,0.0,0.0,0.3541,0.23,12.0,18.0,0.0,8.0,20.8,10.0,0.0,9.81869404017925,100.0,0.0,0.0,100.0,97100.0,432.6772594451904,291.94380569458013,90000.0,1312.4081649780271,252.0,31.5,326.8,3.5,316.1028137207031,0.0,31.5,247.5,-13.0,-57.90000000000001,14.343937873840332,-10.84027862548828,3.275787353515625,-8.199766159057617,38.9512939453125,15.959976196289062,567.36,100.0,95500.0,2090.0,30.0,78900.0,4130.0,6110.0,13.7,0.0
15,0,2018,12,10,-10.0,-999.0,0.0,17300.0,-10.0,-10.0,-10.0,8.590096782892942,51.87952995300293,22.758811950683594,51.32171821594238,20.45663452148437,5628.8046875,256.4753875732422,213.24978637695312,41.41405582427978,7.537078857421875,3053.26220703125,268.97128295898443,245.87478637695312,13.92286491394043,-2.43781852722168,1504.210693359375,275.1577606201172,268.81228637695307,7.286052703857423,-10.004589080810547,271.68418884277344,271.5811004638672,4.2483768463134775,-10.767040252685547,276.32357788085943,274.82369995117193,3.9393482208251953,-5.295751571655273,0.0,0.020555496215820312,0.004100799560546875,102476.0,198.1889953613281,0.0,0.0,0.0,0.0,0.0,0.0,0.0,0.0,0.0,0.0,0.0,0.0,0.0,0.0,3.3008594512939453,-4.427570343017578,102300.0,15.026504516601562,279.9036407470703,0.0,94.5,0.0,0.0,0.0,0.0,278.75897216796875,276.99871826171875,0.00449,275.74667358398443,82.4,2.2679920196533203,-3.2596397399902344,4.001933896681294,2.2679920196533203,-3.2596397399902344,-50.0,0.0,0.0,0.0,0.0,0.0,0.0,0.0,0.0,0.0,0.0,0.0,0.3541,0.29,46.0,37.0,-20.0,8.0,20.3,10.0,0.0,9.643076986074448,98.375,0.0,0.0,98.375,97200.0,433.4832267761231,292.3845138549805,92600.0,1050.7685089111328,251.3,83.10000000000002,328.1,9.125,323.7838897705078,0.0,83.10000000000002,371.70000000000016,6.0,-61.2,13.486867904663086,-11.593992233276367,2.8941421508789062,-8.365657806396483,40.08014678955078,13.07611083984375,579.6,100.0,95500.0,2140.0,21.0,78500.0,4020.0,6120.0,13.0,0.0
16,0,2018,12,10,-10.0,-999.0,0.0,19000.0,-10.0,-10.0,-10.0,8.429981503635645,50.31003379821777,21.95746612548828,51.29203796386719,19.952312469482425,5622.58056640625,256.2685394287109,210.06228637695312,41.28274154663086,4.416358947753906,3054.27490234375,268.5048217773437,244.43728637695312,14.506900787353516,-3.335731506347656,1506.15771484375,275.30905151367193,267.81228637695307,7.094526290893555,-9.794893264770508,272.1197509765625,271.93728637695307,3.810474395751953,-10.779090881347656,277.03329467773443,274.99978637695307,3.3407497406005864,-5.465137481689453,0.0,0.0018787384033203125,-0.014302015304565431,102479.0,198.8994674682617,0.0,0.0,0.0,0.0,0.0,0.0,0.0,0.0,0.0,0.0,0.0,0.0,0.0,0.0,2.8967361450195312,-4.769927978515625,102300.0,15.026504516601562,281.6911315917969,0.0,93.7,0.0,0.0,0.0,0.0,279.8186492919922,278.03463745117193,0.004600000000000001,276.1131591796875,79.5,2.162942886352539,-3.489097595214844,4.130488886497915,2.162942886352539,-3.489097595214844,-50.0,0.0,0.0,0.0,0.0,0.0,0.0,0.0,0.0,0.0,0.0,0.0,0.3541,0.3,78.0,60.0,-60.0,8.0,19.3,10.0,0.0,9.458522528409956,98.125,0.0,0.0,98.125,97200.0,434.6649646759033,293.1926651000977,95000.0,824.2276611328125,253.3,148.1,330.1,16.25,331.9825744628906,0.0,148.1,440.0,10.0,-59.0,12.772344589233398,-12.416946411132812,2.1960220336914062,-7.987001419067383,40.51339149475098,10.115428924560547,659.84,100.0,94500.0,2120.0,18.0,78800.0,3900.0,6110.0,13.1,0.0
17,0,2018,12,10,-10.0,-999.0,0.0,19800.0,-10.0,-10.0,-10.0,8.049890864640473,51.612366676330566,21.21935272216797,51.8899621963501,16.826072692871097,5622.4404296875,256.23568725585943,202.12478637695312,40.16663932800293,3.650703430175781,3055.8134765625,268.4122314453125,241.06228637695312,13.8012056350708,-4.379566192626953,1507.5609130859375,275.25344848632807,267.18728637695307,6.916801452636719,-9.841270446777344,272.74606323242193,272.68728637695307,3.774133682250977,-10.191862106323242,277.6640472412109,275.24978637695307,2.8907575607299805,-5.3208045959472665,0.0,0.012507438659667969,0.017853975296020508,102469.0,198.5103874206543,0.0,0.0,0.0,0.0,0.0,0.0,0.0,0.0,0.0,0.0,0.0,0.0,0.0,0.0,2.6313304901123047,-4.459575653076172,102290.0,15.026504516601562,283.0783386230469,0.0,93.7,0.0,0.0,0.0,0.0,280.4082794189453,278.6344757080078,0.0047,276.40652465820307,78.4,2.0001392364501958,-3.2299480438232417,3.751847440376878,2.0001392364501958,-3.2299480438232417,-50.0,0.0,0.0,0.0,0.0,0.0,0.0,0.0,0.0,0.0,0.0,0.0,0.3541,0.29,110.0,81.0,-50.0,8.0,18.7,10.0,0.0,9.07812987267971,98.375,0.0,0.0,98.375,97100.0,435.71392250061035,293.8864288330078,92600.0,1055.1450653076172,253.6,143.1,334.3,15.75,338.6638946533203,0.0,143.1,517.4,2.0,-54.2,12.141484260559082,-12.621469497680664,2.014867782592773,-7.6436195373535165,39.33657264709473,9.006591796875,754.96,100.0,93400.0,2130.0,14.0,78600.0,3840.0,6080.0,13.6,0.0
18,0,2018,12,10,-10.0,-999.0,0.0,20800.0,-10.0,-10.0,-10.0,7.6414054334163675,51.67506217956543,19.995243072509766,52.89876461029053,15.02267074584961,5619.36767578125,256.39706420898443,202.31228637695312,39.501708984375,2.9793930053710938,3052.60400390625,268.3367156982422,238.56228637695312,12.751030921936035,-4.583820343017578,1504.828125,275.30764770507807,267.49978637695307,7.499160766601562,-9.35660171508789,273.47848510742193,273.37478637695307,4.576702117919922,-9.294733047485352,278.51290893554693,275.18728637695307,2.7236642837524414,-4.5776405334472665,0.0,0.002524375915527344,0.0006182193756103518,102389.0,192.72445678710938,0.0,0.0,0.0,0.0,0.0,0.0,0.0,0.0,0.0,0.0,0.0,0.0,0.0,0.0,2.4643878936767583,-4.05902099609375,102210.0,15.026504516601562,284.05438232421875,0.0,93.6,0.0,0.0,0.0,0.0,281.1709747314453,279.4078369140625,0.00483,276.74978637695307,76.80000000000003,1.9442090988159184,-3.0992469787597656,3.6251574301277287,1.9442090988159184,-3.0992469787597656,-50.0,0.0,0.0,0.0,0.0,0.0,0.0,0.0,0.0,0.0,0.0,0.0,0.3541,0.28,120.0,98.0,-50.0,8.0,18.1,0.0,-1.0,9.272148147225382,98.375,0.0,0.0,98.375,94900.0,619.9682235717772,444.6128082275391,92500.0,1057.8831176757812,255.0,192.6,333.1,21.25,343.4756164550781,0.0,192.6,488.8,1.0,-37.7,11.895989418029785,-12.402151107788086,3.0815391540527344,-7.003410339355469,38.57788276672363,7.8322181701660165,1001.44,93.0,90600.0,2080.0,16.0,79100.0,3790.0,6080.0,13.7,0.0
19,0,2018,12,10,-10.0,-999.0,0.0,23100.0,-10.0,-10.0,-10.0,8.379008077085018,55.0277214050293,19.397315979003906,53.92635440826416,14.988304138183596,5614.15234375,256.07244873046875,210.75997924804688,39.90758895874024,2.9546127319335938,3047.67822265625,268.11215209960943,237.43728637695312,12.142607688903807,-4.828956604003906,1501.529541015625,274.76300048828125,267.93728637695307,7.6572303771972665,-9.828817367553713,274.47711181640625,274.43728637695307,5.6479148864746085,-9.410211563110352,279.63848876953125,275.43728637695307,2.362464904785156,-4.9306640625,0.0,0.01986980438232422,-0.001512289047241211,102309.0,187.05929565429688,0.0,0.0,0.0,0.0,0.0,0.0,0.0,0.0,0.0,0.0,0.0,0.0,0.0,0.0,2.0030059814453125,-4.556722640991211,102130.0,15.026504516601562,285.11376953125,0.0,93.4,0.0,0.0,0.0,0.0,282.1454620361328,280.45054626464844,0.004940000000000001,277.06228637695307,73.7,1.4904413223266602,-3.627216339111328,3.878696068422869,1.4904413223266602,-3.627216339111328,-50.0,0.0,0.0,0.0,0.0,0.0,0.0,0.0,0.0,0.0,0.0,0.0,0.3541,0.3,128.0,125.0,-60.0,8.0,16.900000000000002,0.0,0.0,9.665682137012483,90.875,0.0,0.0,90.875,94800.0,622.302827835083,446.1981010437012,92400.0,1061.665756225586,255.7,172.5,338.0,19.0,348.4747314453125,0.0,172.5,454.8,0.0,-28.4,12.007699012756348,-12.758647918701172,4.760807991027832,-6.802600860595702,39.3347282409668,8.468006134033201,2000.72,18.0,80000.0,2000.0,18.0,79900.0,3740.0,6010.0,13.5,0.0
20,0,2018,12,10,-10.0,-999.0,0.0,23200.0,-10.0,-10.0,-10.0,8.141883991658688,54.95756149291992,17.673667907714844,53.604248046875,14.32819366455078,5611.4140625,255.6419982910156,214.74978637695312,40.62971878051758,2.8146629333496094,3047.70849609375,267.7897186279297,236.06228637695312,11.996395111083984,-4.824522018432617,1503.34521484375,274.1244506835937,266.62478637695307,8.928930282592773,-10.335166931152344,275.0263519287109,274.99978637695307,6.560142517089844,-7.4800262451171875,280.734375,276.18728637695307,2.2307586669921875,-4.283304214477538,0.0,-0.010433197021484377,0.012645721435546877,102303.0,187.3521041870117,0.0,0.0,0.0,0.0,0.0,0.0,0.0,0.0,0.0,0.0,0.0,0.0,0.0,0.0,1.654644012451172,-3.9897689819335938,102120.0,15.026504516601562,284.19287109375,0.0,93.3,0.0,0.0,0.0,0.0,282.75335693359375,281.033432006836,0.005229999999999999,277.9302520751953,73.5,1.2293548583984375,-3.25576400756836,3.4390081200981517,1.2293548583984375,-3.25576400756836,-50.0,0.0,0.0,0.0,0.0,0.0,0.0,0.0,0.0,0.0,0.0,0.0,0.3541,0.26,54.0,89.0,-20.0,8.0,15.2,0.0,-1.0,9.53634363412857,90.25,0.0,0.0,90.25,89900.0,1058.3039302825928,834.7662734985353,89900.0,1327.6278076171875,255.0,185.8,331.1,20.5,344.05889892578125,0.0,185.8,345.1,9.0,2.0,12.09060287475586,-12.397653579711914,6.7019100189208975,-5.847063064575195,40.603341102600105,7.771102905273437,1947.04,19.0,80500.0,1950.0,19.0,80400.0,3710.0,5980.0,14.2,0.0
21,0,2018,12,10,-10.0,-999.0,0.0,23200.0,-10.0,-10.0,-10.0,7.201710215769707,55.74619102478027,17.680686950683594,55.02280235290527,12.445877075195312,5610.57666015625,255.5352783203125,205.18728637695312,41.5679817199707,2.458690643310547,3050.67578125,267.6282958984375,235.68728637695312,12.245506286621096,-4.953161239624023,1506.9949951171875,273.49658203125,265.74978637695307,9.660213470458984,-10.10360336303711,275.88052368164057,275.74978637695307,6.7930355072021475,-6.657928466796875,281.9847412109375,277.37478637695307,1.6396379470825195,-3.6068935394287123,0.0,-0.001636505126953125,-0.026038169860839844,102306.0,188.34997177124023,0.0,0.0,0.0,0.0,0.0,0.0,0.0,0.0,0.0,0.0,0.0,0.0,0.0,0.0,1.488250732421875,-3.2972240447998047,102130.0,15.026504516601562,284.4686584472656,0.0,93.2,0.0,0.0,0.0,0.0,283.6483917236328,281.91896057128906,0.00557,278.8137359619141,73.10000000000002,1.0984067916870115,-2.649616241455078,2.8763343536993484,1.0984067916870115,-2.649616241455078,-50.0,0.0,0.0,0.0,0.0,0.0,0.0,0.0,0.0,0.0,0.0,0.0,0.3541,0.21,27.0,67.0,-30.0,8.0,13.6,10.0,-1.0,9.758465170860287,98.375,0.0,0.0,98.375,89900.0,1062.7591171264646,838.5019187927246,89900.0,1332.0778121948242,252.8,41.90000000000001,346.1,4.625,345.2949676513672,0.0,41.90000000000001,303.3,11.0,7.300000000000002,12.035212516784668,-12.21615219116211,6.7021484375,-5.1759681701660165,41.924853324890144,6.902023315429688,1261.92,85.0,87700.0,1930.0,18.0,80600.0,3690.0,6020.0,13.4,20.0
22,0,2018,12,10,-10.0,-999.0,0.0,24400.0,-10.0,-10.0,-10.0,5.555549465119839,56.97038650512695,15.80913543701172,56.30493354797363,12.39958953857422,5604.1181640625,254.3764190673828,209.56228637695312,40.52482795715332,0.1916046142578125,3052.97021484375,267.16622924804693,240.87478637695312,12.625808715820312,-5.369430541992188,1510.677734375,272.7728881835937,265.81228637695307,9.662332534790039,-9.216236114501953,276.5245513916016,276.06228637695307,6.863755226135254,-7.298309326171875,282.5015563964844,276.56228637695307,1.4379596710205078,-4.433639526367188,0.0,-0.03194427490234375,-0.031830549240112305,102330.0,190.68914794921875,0.0,0.0,0.0,0.0,0.0,0.0,0.0,0.0,0.0,0.0,0.0,0.0,0.0,0.0,0.3967132568359375,-3.4201679229736333,102150.0,15.026504516601562,283.4063720703125,0.0,93.2,0.0,0.0,0.0,0.0,283.5071563720703,281.8523254394531,0.00551,278.62478637695307,71.2,0.0711679458618164,-2.4907474517822266,2.5030576954595745,0.0711679458618164,-2.4907474517822266,-50.0,0.0,0.0,0.0,0.0,0.0,0.0,0.0,0.0,0.0,0.0,0.0,0.3541,0.16,-3.0,35.0,0.0,8.0,12.4,10.0,-10.0,9.680921047925947,98.375,0.0,0.0,98.375,89900.0,1065.0998210906982,840.7541046142578,87000.0,1633.9526062011719,250.7,22.4,345.6,2.5,340.17535400390625,0.0,22.4,124.0,25.0,6.5,11.461620330810547,-12.872133255004885,8.045642852783201,-5.295148849487305,41.82905578613281,5.4314231872558585,1229.12,100.0,88100.0,1230.0,100.0,88000.0,3620.0,5920.0,11.5,30.0
23,0,2018,12,10,-10.0,-999.0,0.0,21300.0,-10.0,-10.0,-10.0,5.040761608630419,57.41463661193848,15.780906677246096,59.65701103210449,11.326522827148438,5601.28955078125,253.67774963378903,215.87478637695312,41.85211086273194,0.28312110900878906,3054.162353515625,266.9667358398437,241.43728637695312,12.760154724121096,-5.507598876953125,1513.7822265625,272.32086181640625,266.81228637695307,8.72503662109375,-8.497082710266112,276.61428833007807,276.24978637695307,6.7024192810058585,-7.667734146118164,282.336181640625,275.56228637695307,1.6518602371215818,-5.4877662658691415,0.0,0.025991439819335938,-0.03118205070495605,102375.0,194.0885353088379,0.0,0.0,0.0,0.0,0.0,0.0,0.0,0.0,0.0,0.0,0.0,0.0,0.0,0.0,0.16949844360351562,-3.0422801971435547,102190.0,15.026504516601562,282.0727233886719,0.0,93.1,0.0,0.0,0.0,0.0,282.3310852050781,280.59112548828125,0.00566,279.06228637695307,77.10000000000002,-0.0015544891357421875,-1.133867263793945,1.127561836503446,-0.0015544891357421875,-1.133867263793945,-50.0,0.0,0.0,0.0,0.0,0.0,0.0,0.0,0.0,0.0,0.0,0.0,0.3541,0.03,-1.0,1.0,10.0,8.0,12.2,10.0,-28.0,9.85628604888916,98.375,0.0,0.0,98.375,89900.0,1065.2302837371826,840.6246223449707,87000.0,1633.7330780029295,248.3,0.0,345.1,0.0,333.68060302734375,0.0,0.0,0.0,1.0,-21.8,11.596208572387695,-13.030786514282227,7.488283157348633,-6.343681335449219,43.34062004089356,6.114727020263673,1214.48,100.0,88300.0,1210.0,100.0,88200.0,3590.0,5840.0,10.6,30.0
