Hour,Minute,Year,Month,Date,ATT1,ATT2,ATT3,ATT4,ATT5,ATT6,ATT7,ATT8,ATT9,ATT10,ATT11,ATT12,ATT13,ATT14,ATT15,ATT16,ATT17,ATT18,ATT19,ATT20,ATT21,ATT22,ATT23,ATT24,ATT25,ATT26,ATT27,ATT28,ATT29,ATT30,ATT31,ATT32,ATT33,ATT34,ATT35,ATT36,ATT37,ATT38,ATT39,ATT40,ATT41,ATT42,ATT43,ATT44,ATT45,ATT46,ATT47,ATT48,ATT49,ATT50,ATT51,ATT52,ATT53,ATT54,ATT55,ATT56,ATT57,ATT58,ATT59,ATT60,ATT61,ATT62,ATT63,ATT64,ATT65,ATT66,ATT67,ATT68,ATT69,ATT70,ATT71,ATT72,ATT73,ATT74,ATT75,ATT76,ATT77,ATT78,ATT79,ATT80,ATT81,ATT82,ATT83,ATT84,ATT85,ATT86,ATT87,ATT88,ATT89,ATT90,ATT91,ATT92,ATT93,ATT94,ATT95,ATT96,ATT97,ATT98,ATT99,ATT100,ATT101,ATT102,ATT103,ATT104,ATT105,ATT106,ATT107,ATT108,ATT109,ATT110,ATT111,ATT112,ATT113,ATT114,ATT115,ATT116,ATT117,ATT118,ATT119,ATT120,ATT121,ATT122,ATT123,ATT124,ATT125,ATT126,ATT127,ATT128,ATT129,ATT130,ATT131,ATT132
0,0,2018,11,28,2.75,-999.0,0.0016,13200.0,-10.0,-10.0,-10.0,7.434215094894171,31.421649932861328,-11.32876205444336,27.1233024597168,-15.388175964355467,5340.52587890625,241.276611328125,227.62478637695312,17.61613655090332,-13.301721572875975,2881.637939453125,258.02398681640625,246.24978637695312,10.52265167236328,-6.102153778076173,1405.09423828125,257.5602569580078,255.68728637695312,8.586692810058594,-0.5447540283203125,264.06854248046875,262.22174072265625,8.7626953125,0.4625949859619141,269.5281982421875,265.4897918701172,4.170283317565918,0.3643302917480469,0.0,-0.02351284027099609,0.011773347854614258,101834.0,146.9030990600586,3.375,0.0,0.0,0.0,0.0,0.0,0.0,0.0,0.0,0.0,0.0,0.0,0.0,0.0,5.954975128173827,0.8552436828613281,99410.0,195.4327545166016,271.0717163085937,0.0,68.8,0.0,0.0,0.0,0.0,269.9217529296875,270.4300537109375,0.0022,265.8107147216797,74.5,4.246278762817384,0.4908790588378906,4.254154303111136,4.246278762817384,0.4908790588378906,-50.0,0.0,0.0,0.0,0.0,0.0,0.0,0.0,0.0,0.0,0.0,0.0,0.3734,0.3,50.0,32.0,190.0,14.0,15.0,40.0,0.0,4.586046576499938,100.0,0.0,0.0,100.0,99300.0,214.84376335144043,972.8890762329102,81700.0,2024.7938842773438,220.5,0.0,227.0,0.0,281.7071685791016,0.0,0.0,0.0,91.0,49.2,4.519170761108398,-8.781970977783201,4.623384475708008,-0.7807044982910156,12.509624481201172,-16.34731674194336,0.0,73.0,99400.0,0.0,73.0,99400.0,860.0,3630.0,15.0,40.0
1,0,2018,11,28,-2.1875,-999.0,0.0016,22600.0,-10.0,-10.0,-10.0,7.594266794621942,31.89556121826172,-16.856456756591793,29.793989181518555,-20.073413848876953,5343.6298828125,241.5809631347656,231.43728637695312,18.84488296508789,-14.937114715576172,2882.77587890625,257.6685791015625,247.37478637695312,10.312593460083008,-6.1920928955078125,1404.867431640625,256.81668090820307,254.66294860839844,6.94477653503418,-1.6613140106201172,263.44314575195307,261.32537841796875,8.794218063354492,-1.0693073272705078,268.9215087890625,264.3626251220703,4.086925506591797,-0.16184234619140625,0.0,0.001506328582763672,-0.01977729797363281,101876.0,150.0810775756836,0.0,0.0,0.0,0.0,0.0,0.0,0.0,0.0,0.0,0.0,0.0,0.0,0.0,0.0,6.237222671508789,-0.31644439697265625,99450.0,195.4327545166016,269.2929229736328,0.0,68.4,0.0,0.0,0.0,0.0,268.9858856201172,269.43496704101557,0.002,264.5694122314453,71.60000000000002,4.0906429290771475,-0.24748992919921875,4.064161719288677,4.0906429290771475,-0.24748992919921875,-50.0,0.0,0.0,0.0,0.0,0.0,0.0,0.0,0.0,0.0,0.0,0.0,0.3728,0.28,10.0,22.0,100.0,14.0,16.3,30.0,-1.0,4.563982903957367,100.0,0.0,0.0,100.0,99300.0,214.72800636291504,970.8579254150391,94500.0,1691.754981994629,217.5,0.0,222.7,0.0,274.3840789794922,0.0,0.0,0.0,76.0,36.9,5.162912368774414,-10.088224411010742,3.969207763671875,-1.0498085021972656,15.082942962646484,-17.046863555908207,0.0,72.0,99400.0,0.0,72.0,99400.0,800.0,3660.0,14.3,0.0
2,0,2018,11,28,-10.0,-999.0,0.0,23600.0,-10.0,-10.0,-10.0,8.549834072589874,34.227333068847656,-20.587284088134766,32.973661422729485,-25.322628021240234,5349.7890625,242.1123046875,232.56228637695312,20.57840156555176,-18.465232849121094,2882.22802734375,257.58029174804693,245.12478637695312,9.94493293762207,-6.1532649993896475,1404.3031005859375,256.91519165039057,254.7245635986328,4.981803894042969,-0.7397384643554688,262.55416870117193,260.72579956054693,9.198171615600586,-1.9391098022460933,268.2532958984375,263.24288940429693,4.964780807495117,-0.9663848876953124,0.0,-0.03671646118164063,-0.03170657157897948,101902.0,152.23125457763672,0.0,0.0,0.0,0.0,0.0,0.0,0.0,0.0,0.0,0.0,0.0,0.0,0.0,0.0,7.504608154296875,-1.314291000366211,99480.0,195.4327545166016,268.276382446289,0.0,68.10000000000001,0.0,0.0,0.0,0.0,268.2613983154297,268.66958618164057,0.00186,263.643310546875,69.7,5.100055694580078,-1.027753829956055,5.192408318165692,5.100055694580078,-1.027753829956055,-50.0,0.0,0.0,0.0,0.0,0.0,0.0,0.0,0.0,0.0,0.0,0.0,0.3728,0.35000000000000003,0.0,23.0,100.0,14.0,17.7,20.0,0.0,4.427956461906434,100.0,0.0,0.0,100.0,--,--,968.747802734375,--,1419.475456237793,215.5,0.0,234.3,0.0,270.2753448486328,0.0,0.0,0.0,53.0,-3.8,5.023904800415039,-10.531002044677734,0.5321273803710938,0.93780517578125,15.743026733398438,-21.807640075683594,0.0,71.0,99500.0,0.0,71.0,99500.0,710.0,3820.0,14.2,0.0
3,0,2018,11,28,-10.0,-999.0,0.0,25900.0,-10.0,-10.0,-10.0,7.870290830731393,36.40058326721192,-21.431316375732425,36.64317321777344,-30.148517608642567,5365.58740234375,243.26834106445312,235.43728637695312,24.01443862915039,-18.363807678222656,2885.26025390625,258.44293212890625,242.62478637695312,11.44927978515625,-5.8072566986083975,1406.292724609375,257.05264282226557,253.53494262695312,4.805070877075195,-0.73162841796875,262.33187866210943,258.80255126953125,8.397048950195312,-2.15188980102539,268.192138671875,262.4039459228516,4.396636962890625,-0.7952404022216797,0.0,-0.002626895904541016,0.01830124855041504,101927.0,154.77327728271484,0.0,0.0,0.0,0.0,0.0,0.0,0.0,0.0,0.0,0.0,0.0,0.0,0.0,0.0,6.868778228759768,-1.3152580261230469,99510.0,195.4327545166016,267.94509887695307,0.0,67.7,0.0,0.0,0.0,0.0,268.09336853027344,268.49313354492193,0.00175,262.8390655517578,66.2,4.525369644165039,-0.6290225982666016,4.566621910315007,4.525369644165039,-0.6290225982666016,-50.0,0.0,0.0,0.0,0.0,0.0,0.0,0.0,0.0,0.0,0.0,0.0,0.3728,0.31,-6.0,21.0,110.0,14.0,19.200000000000006,20.0,0.0,4.202286124229431,100.0,0.0,0.0,100.0,--,--,967.8638000488281,--,1418.8241500854492,216.0,0.0,212.5,0.0,268.8798217773437,0.0,0.0,0.0,67.0,-7.0,6.4329795837402335,-11.511571884155273,-0.16400527954101562,1.4460811614990234,21.84600830078125,-21.11591339111328,0.0,67.0,99500.0,0.0,67.0,99500.0,680.0,4020.0,15.4,0.0
4,0,2018,11,28,-10.0,-999.0,0.0,30400.0,-10.0,-10.0,-10.0,6.918524220585822,40.39482116699219,-25.24407196044922,42.41001892089844,-33.14890289306641,5373.8974609375,243.94244384765625,237.81228637695312,25.72417068481445,-19.53582000732422,2888.05224609375,259.41598510742193,240.49978637695312,13.78689956665039,-7.5268096923828125,1406.1846923828125,258.0443115234375,253.55682373046875,4.582843780517578,-2.759021759033203,262.213134765625,258.461654663086,7.714012145996094,-2.309234619140625,268.0902099609375,261.01641845703125,3.2159242630004883,-0.509089469909668,0.0,-0.03035736083984375,-0.008528947830200195,101912.0,154.1055145263672,0.0,0.0,0.0,0.0,0.0,0.0,0.0,0.0,0.0,0.0,0.0,0.0,0.0,0.0,5.584379196166992,-1.3351993560791016,99510.0,195.4327545166016,267.8617553710937,0.0,67.4,0.0,0.0,0.0,0.0,268.0707550048828,268.486328125,0.0016,261.7114715576172,60.3,3.2593784332275386,-0.6334400177001953,3.3136880797101185,3.2593784332275386,-0.6334400177001953,-50.0,0.0,0.0,0.0,0.0,0.0,0.0,0.0,0.0,0.0,0.0,0.0,0.3728,0.22,-7.0,18.0,100.0,14.0,20.200000000000006,0.0,0.0,4.3097275495529175,99.375,0.0,0.0,99.375,--,--,967.6081085205078,--,1419.257568359375,215.2,0.0,215.0,0.0,268.5583648681641,0.0,0.0,0.0,121.0,13.4,6.84168815612793,-12.556547164916992,1.0995330810546875,-1.1388702392578125,26.409725189208984,-24.596393585205078,0.0,62.0,99500.0,0.0,62.0,99500.0,680.0,4100.0,15.5,0.0
5,0,2018,11,28,-10.0,-999.0,0.0,28300.0,-10.0,-10.0,-10.0,6.036662559956312,44.71746444702149,-27.370784759521484,48.59300231933594,-34.212196350097656,5381.5302734375,244.89471435546875,238.6286773681641,29.647083282470703,-20.049213409423828,2891.33447265625,260.08853149414057,247.56228637695312,14.986677169799805,-9.681015014648438,1408.21923828125,257.74224853515625,254.42404174804688,4.503774642944336,-3.813201904296875,262.33340454101557,258.7592163085937,6.9339561462402335,-1.6346435546875,268.09024047851557,261.5630645751953,2.584527969360352,0.5445060729980469,0.0,0.013645648956298828,0.01792168617248535,101931.0,156.16036224365234,0.0,0.0,0.0,0.0,0.0,0.0,0.0,0.0,0.0,0.0,0.0,0.0,0.0,0.0,4.540613174438477,0.13214111328125,99540.0,195.4327545166016,267.9072265625,0.0,67.3,0.0,0.0,0.0,0.0,268.1455841064453,268.5503692626953,0.00168,262.36241149902344,63.2,2.68720817565918,0.4169368743896485,2.6880729541298933,2.68720817565918,0.4169368743896485,-50.0,0.0,0.0,0.0,0.0,0.0,0.0,0.0,0.0,0.0,0.0,0.0,0.3728,0.17,-10.0,13.0,100.0,14.0,20.9,10.0,0.0,5.138697147369385,100.0,0.0,0.0,100.0,--,--,967.8441963195801,--,1418.9451293945312,215.4,0.0,212.1,0.0,268.83230590820307,0.0,0.0,0.0,155.0,21.8,7.9505367279052725,-12.911077499389648,1.947589874267578,-3.874065399169922,31.273351669311523,-24.34415054321289,0.0,65.0,99500.0,0.0,65.0,99500.0,690.0,4110.0,15.7,0.0
6,0,2018,11,28,-10.0,-999.0,0.0,26600.0,-10.0,-10.0,-10.0,6.4265479892492285,47.57139015197754,-29.83018493652344,51.36557006835938,-33.824974060058594,5388.0087890625,246.20681762695312,236.93728637695312,34.13848876953125,-20.26055335998535,2893.02001953125,260.40869140625,253.0605316162109,15.99789810180664,-10.377376556396484,1408.251220703125,257.500244140625,255.00802612304688,5.0660362243652335,-4.854949951171875,262.48825073242193,259.1387481689453,7.569236755371094,-1.5156898498535156,267.9993896484375,261.98619079589844,2.6610641479492188,0.5861120223999023,0.0,0.02191638946533203,0.006489753723144531,101922.0,155.6001739501953,0.0,0.0,0.0,0.0,0.0,0.0,0.0,0.0,0.0,0.0,0.0,0.0,0.0,0.0,4.888084411621094,0.7971630096435547,99530.0,195.4327545166016,267.90223693847656,0.0,67.5,0.0,0.0,0.0,0.0,267.9901885986328,268.3997802734375,0.0017200000000000002,262.58724975585943,65.4,2.924694061279297,0.6494979858398438,3.001890442101285,2.924694061279297,0.6494979858398438,-50.0,0.0,0.0,0.0,0.0,0.0,0.0,0.0,0.0,0.0,0.0,0.0,0.3728,0.2,-3.0,10.0,100.0,14.0,22.4,0.0,0.0,5.6116371154785165,100.0,0.0,0.0,100.0,--,--,967.9793395996094,--,1419.351219177246,216.4,0.0,210.3,0.0,268.7422332763672,0.0,0.0,0.0,135.0,27.5,9.289834976196287,-13.324615478515625,2.6655349731445312,-5.15632438659668,33.56093215942383,-24.36611557006836,0.0,67.0,99500.0,0.0,67.0,99500.0,700.0,4160.0,17.0,0.0
7,0,2018,11,28,-10.0,-999.0,0.0,24700.0,-10.0,-10.0,-10.0,6.234093099832535,48.78301811218262,-30.35921859741211,52.20516777038574,-34.821571350097656,5393.17578125,246.59841918945312,236.06228637695312,34.671815872192376,-21.51934051513672,2898.70849609375,260.4794311523437,256.3924560546875,16.373523712158207,-10.892154693603516,1409.605712890625,259.29345703125,254.97781372070312,6.110151290893555,-5.5285844802856445,262.77352905273443,259.21456909179693,7.417648315429687,-1.9759578704833984,268.07293701171875,262.66387939453125,2.301036834716797,0.7435922622680664,0.0,0.0014581680297851562,-0.017575502395629883,101931.0,156.32713317871094,0.0,0.0,0.0,0.0,0.0,0.0,0.0,0.0,0.0,0.0,0.0,0.0,0.0,0.0,4.478761672973633,0.9000434875488281,99530.0,195.4327545166016,267.9923858642578,0.0,67.5,0.0,0.0,0.0,0.0,268.0236053466797,268.45364379882807,0.00179,263.18728637695307,68.3,2.4927873611450195,0.8065767288208008,2.626136043574661,2.4927873611450195,0.8065767288208008,-50.0,0.0,0.0,0.0,0.0,0.0,0.0,0.0,0.0,0.0,0.0,0.0,0.3728,0.17,-2.0,10.0,90.0,14.0,22.5,10.0,-1.0,6.107633829116821,95.25,0.0,0.0,95.25,--,--,968.9305839538574,--,1420.1600227355957,215.0,0.0,226.6,0.0,269.1063842773437,0.0,0.0,0.0,126.0,39.90000000000001,9.552164077758787,-13.866252899169922,3.804187774658203,-5.393939971923828,35.60266876220703,-26.40915298461914,0.0,69.0,99500.0,0.0,69.0,99500.0,730.0,4130.0,18.1,0.0
8,0,2018,11,28,-10.0,-999.0,0.0,22300.0,-10.0,-10.0,-10.0,5.91838700696826,50.72224426269531,-31.401844024658203,52.97062110900879,-33.464218139648445,5400.0673828125,247.27963256835938,234.009521484375,35.94470405578613,-22.935813903808594,2905.087890625,260.54092407226557,258.49978637695307,18.0449161529541,-10.619831085205078,1413.096435546875,260.61904907226557,255.11398315429688,4.890495300292969,-6.069920539855957,262.62274169921875,259.99127197265625,6.621192932128906,-2.01858139038086,267.869384765625,263.34217834472656,2.1499376296997066,0.3309192657470703,0.0,-0.00887441635131836,0.005796432495117188,101964.0,158.9249267578125,0.0,0.0,0.0,0.0,0.0,0.0,0.0,0.0,0.0,0.0,0.0,0.0,0.0,0.0,4.434825897216797,0.8172569274902344,99570.0,195.4327545166016,267.8583526611328,0.0,67.60000000000001,0.0,0.0,0.0,0.0,267.9150848388672,268.28433227539057,0.00188,263.81228637695307,72.2,2.3991050720214844,0.37124156951904297,2.4405367935542017,2.3991050720214844,0.37124156951904297,-50.0,0.0,0.0,0.0,0.0,0.0,0.0,0.0,0.0,0.0,0.0,0.0,0.3728,0.16,-3.0,10.0,80.0,14.0,23.20000000000001,0.0,-2.0,6.649468660354612,95.25,0.0,0.0,95.25,--,--,968.0751342773438,--,1421.9234161376953,216.8,0.0,207.5,0.0,268.392318725586,0.0,0.0,0.0,137.0,15.0,9.835054397583008,-14.086706161499025,1.96035385131836,-5.756977081298827,37.69536209106445,-27.9252986907959,0.0,74.0,99500.0,0.0,74.0,99500.0,2430.0,4170.0,18.7,0.0
9,0,2018,11,28,-10.0,-999.0,0.0,20600.0,-10.0,-10.0,-10.0,6.920010127127171,56.30246353149414,-30.24256134033203,55.65715599060058,-30.58940505981445,5408.79296875,248.62884521484366,231.87478637695312,39.33782577514648,-23.182525634765625,2909.02734375,260.64178466796875,258.17837524414057,20.70310401916504,-10.239044189453123,1415.675537109375,260.65057373046875,255.67747497558602,6.672964096069336,-6.721466064453125,262.75003051757807,260.58287048339844,7.661314010620117,-2.5002460479736333,268.1112670898437,263.92868041992193,2.4730091094970703,0.1155538558959961,0.0,0.015064239501953125,0.013667106628417969,101982.0,160.47572326660156,0.0,0.0,0.0,0.0,0.0,0.0,0.0,0.0,0.0,0.0,0.0,0.0,0.0,0.0,5.164678573608398,0.6815738677978516,99580.0,195.4327545166016,267.5971069335937,0.0,67.7,0.0,0.0,0.0,0.0,267.86778259277344,268.23944091796875,0.0019600000000000004,264.3243408203125,75.0,2.6884889602661133,0.1625843048095703,2.6900392402894795,2.6884889602661133,0.1625843048095703,-50.0,0.0,0.0,0.0,0.0,0.0,0.0,0.0,0.0,0.0,0.0,0.0,0.3728,0.17,-7.0,10.0,70.0,14.0,24.3,10.0,-2.0,6.942141771316527,100.0,0.0,0.0,100.0,--,--,968.7881469726562,--,1423.115623474121,216.6,0.0,216.9,0.0,267.5401611328125,0.0,0.0,0.0,151.3,24.5,11.909976959228516,-14.380142211914062,2.805438995361328,-6.2514286041259775,39.77433776855469,-26.84885025024414,0.0,77.0,99600.0,0.0,77.0,99600.0,2510.0,4240.0,19.700000000000006,0.0
10,0,2018,11,28,-10.0,-999.0,0.0,20900.0,-10.0,-10.0,-10.0,7.434652622789144,58.08909225463867,-32.452285766601555,60.14287376403809,-34.03947067260742,5420.1572265625,250.56207275390625,229.74978637695312,39.47494125366211,-24.59125900268555,2910.068359375,260.9876708984375,257.12478637695307,21.329280853271484,-11.347434997558596,1418.219970703125,260.84326171875,255.68728637695312,6.3718204498291025,-6.400094985961914,262.9300537109375,260.5883331298828,7.660213470458982,-1.9838638305664065,268.18408203125,263.359603881836,2.6562461853027344,-0.06441688537597656,0.0,0.0011992454528808596,0.01510500907897949,102002.0,162.3824234008789,0.0,0.0,0.0,0.0,0.0,0.0,0.0,0.0,0.0,0.0,0.0,0.0,0.0,0.0,6.25999641418457,-0.02721595764160156,99610.0,195.4327545166016,266.96267700195307,0.0,68.0,0.0,0.0,0.0,0.0,267.43882751464844,267.80209350585943,0.00191,263.95252990722656,74.7,2.6046266555786133,-0.07106399536132812,2.6292297998443246,2.6046266555786133,-0.07106399536132812,-50.0,0.0,0.0,0.0,0.0,0.0,0.0,0.0,0.0,0.0,0.0,0.0,0.3728,0.15,-10.0,0.0,70.0,14.0,26.6,0.0,-2.0,6.388686537742615,100.0,0.0,0.0,100.0,--,--,969.5651397705078,--,1424.004165649414,217.2,0.0,214.7,0.0,265.123779296875,0.0,0.0,0.0,139.0,14.0,11.913818359375,-14.95036506652832,2.1815338134765625,-5.233222961425781,37.81879425048828,-27.28588104248047,0.0,78.0,99600.0,0.0,78.0,99600.0,2470.0,4480.0,21.9,0.0
11,0,2018,11,28,-10.0,-999.0,0.0,20900.0,-10.0,-10.0,-10.0,7.112080089747906,57.14843559265137,-30.58263397216797,58.62083435058594,-33.96371841430664,5436.1796875,252.30792236328125,225.06228637695312,39.55270576477051,-25.614450454711914,2915.375,261.48211669921875,256.49978637695307,20.691238403320312,-12.79446029663086,1421.611083984375,261.60955810546875,256.62478637695307,7.144443511962893,-7.752857208251952,262.87783813476557,261.4467010498047,7.3826236724853525,-1.1821308135986328,268.18487548828125,263.625244140625,2.718064308166504,0.21942710876464844,0.0,-0.005586624145507813,-0.03265380859375,102025.0,164.45369720458984,0.0,0.0,0.0,0.0,0.0,0.0,0.0,0.0,0.0,0.0,0.0,0.0,0.0,0.0,5.967630386352539,0.3808460235595703,99630.0,195.4327545166016,266.8095245361328,0.0,67.9,0.0,0.0,0.0,0.0,267.4214630126953,267.73757934570307,0.0019200000000000005,264.03599548339844,74.60000000000002,2.6082210540771484,0.1954498291015625,2.6306229648180306,2.6082210540771484,0.1954498291015625,-50.0,0.0,0.0,0.0,0.0,0.0,0.0,0.0,0.0,0.0,0.0,0.0,0.3728,0.14,-10.0,0.0,60.0,14.0,28.3,0.0,-2.0,6.3304595947265625,100.0,0.0,0.0,100.0,--,--,776.4775009155273,--,1425.9394073486328,217.2,0.0,227.1,0.0,264.26231384277344,0.0,0.0,0.0,87.0,21.5,10.391427993774414,-14.546249389648438,2.81290054321289,-6.2738704681396475,36.55099487304688,-27.505943298339844,0.0,78.0,99600.0,0.0,78.0,99600.0,2540.0,5210.0,22.8,0.0
12,0,2018,11,28,-10.0,-999.0,0.0,19700.0,-10.0,-10.0,-10.0,6.604991402477026,56.049110412597656,-27.58972549438477,55.74813652038574,-28.401500701904297,5449.578125,252.90220642089844,228.828125,37.8692626953125,-24.57058334350586,2918.273681640625,261.3905639648437,255.06228637695312,17.97702407836914,-13.438430786132812,1425.60986328125,261.67547607421875,258.93728637695307,7.5227699279785165,-8.514500617980957,262.38705444335943,260.9801025390625,6.857145309448242,0.11960601806640625,268.1448974609375,263.70294189453125,2.2525997161865234,1.231790542602539,0.0,-0.01041269302368164,-0.02501869201660156,102085.0,169.3717041015625,0.0,0.0,0.0,0.0,0.0,0.0,0.0,0.0,0.0,0.0,0.0,0.0,0.0,0.0,5.631553649902344,1.898359298706055,99700.0,195.4327545166016,266.6719207763672,0.0,68.10000000000001,0.0,0.0,0.0,0.0,267.2583465576172,267.55905151367193,0.0019600000000000004,264.32215881347656,76.9,2.033868789672852,1.3680381774902344,2.4380063734715804,2.033868789672852,1.3680381774902344,-50.0,0.0,0.0,0.0,0.0,0.0,0.0,0.0,0.0,0.0,0.0,0.0,0.3728,0.12,-10.0,3.0,60.0,14.0,28.9,0.0,-1.0,6.0799293518066415,99.375,0.0,0.0,99.375,--,--,775.6932029724121,--,1425.692512512207,216.8,0.0,234.6,0.0,263.79116821289057,0.0,0.0,0.0,68.0,41.0,9.404438018798828,-14.173543930053713,4.1485939025878915,-7.4018096923828125,35.51603126525879,-28.03007888793945,0.0,81.0,99700.0,0.0,81.0,99700.0,2500.0,5400.0,23.3,0.0
13,0,2018,11,28,-10.0,-999.0,0.0,20800.0,-10.0,-10.0,-10.0,5.538076385855675,54.79971694946289,-25.786365509033203,53.64546012878418,-27.458648681640625,5469.056640625,253.45127868652344,231.68728637695312,35.303810119628906,-23.89567375183105,2925.922119140625,261.22039794921875,251.12478637695312,14.069076538085938,-15.13985824584961,1432.4033203125,261.8731689453125,259.37478637695307,7.1450462341308585,-9.578971862792967,262.439453125,260.26373291015625,6.135612487792969,0.5846214294433594,268.44775390625,263.4794921875,1.528482437133789,1.370502471923828,0.0,-0.02567100524902344,-0.029072046279907227,102157.0,175.01390075683594,0.0,0.0,0.0,0.0,0.0,0.0,0.0,0.0,0.0,0.0,0.0,0.0,0.0,0.0,4.3400535583496085,2.380477905273437,99760.0,195.4327545166016,266.923355102539,0.0,68.2,0.0,0.0,0.0,0.0,267.45376586914057,267.62966918945307,0.00197,264.4333953857422,75.5,1.1026954650878906,1.3875198364257812,1.7502941356797237,1.1026954650878906,1.3875198364257812,-50.0,0.0,0.0,0.0,0.0,0.0,0.0,0.0,0.0,0.0,0.0,0.0,0.3728,0.06,-4.0,1.0,40.0,14.0,29.20000000000001,0.0,0.0,5.463985323905945,100.0,0.0,0.0,100.0,--,--,969.1661758422852,--,1427.7359161376953,219.8,33.300000000000004,221.8,5.0,264.89100646972656,226.0,20.1,40.7,87.30000000000004,67.8,7.514148712158202,-14.577497482299805,5.196622848510742,-8.647087097167969,36.12434959411621,-27.46147537231445,0.0,80.0,99700.0,0.0,80.0,99700.0,2570.0,5530.0,24.3,0.0
14,0,2018,11,28,-10.0,-999.0,0.0,22400.0,-10.0,-10.0,-10.0,4.9946224354207525,54.58910751342773,-24.22545623779297,50.30180168151856,-24.561298370361328,5484.935546875,253.76449584960938,232.31228637695312,34.00135040283203,-25.02615165710449,2935.73193359375,261.39923095703125,247.43728637695312,10.765201568603516,-14.184371948242188,1439.9273681640625,262.35662841796875,259.56228637695307,6.835166931152344,-8.676712036132812,262.84246826171875,260.6962738037109,5.496007919311523,0.5056915283203125,268.36526489257807,263.82876586914057,2.1718130111694336,1.939136505126953,0.0,-0.035727500915527344,-0.0308382511138916,102225.0,180.64678192138672,0.0,0.0,0.0,0.0,0.0,0.0,0.0,0.0,0.0,0.0,0.0,0.0,0.0,0.0,3.3119907379150386,2.555000305175781,99830.0,195.4327545166016,269.11705017089844,0.0,67.8,0.0,0.0,0.0,0.0,268.7308959960937,268.89218139648443,0.0019600000000000004,264.35186767578125,71.8,1.8264074325561523,2.0134048461914062,2.689707437995821,1.8264074325561523,2.0134048461914062,-50.0,0.0,0.0,0.0,0.0,0.0,0.0,0.0,0.0,0.0,0.0,0.0,0.3728,0.19,10.0,20.0,-40.0,14.0,29.1,0.0,0.0,5.399372339248657,33.125,0.0,0.0,33.125,--,--,--,--,--,224.1,206.6,204.2,30.625,273.68934631347656,674.0,56.5,77.30000000000003,93.5,66.2,5.980392456054688,-14.364034652709961,4.1893367767333975,-8.912565231323242,36.81114387512207,-28.598167419433594,0.0,72.0,99800.0,0.0,72.0,99800.0,2620.0,5610.0,24.3,0.0
15,0,2018,11,28,-10.0,-999.0,0.0,23200.0,-10.0,-10.0,-10.0,4.6713643558323374,50.89928436279297,-22.34720230102539,48.54340744018555,-21.358753204345703,5503.12255859375,254.09217834472656,233.31228637695312,30.047739028930664,-22.90774154663086,2946.7919921875,263.27471923828125,238.99978637695312,6.858726501464844,-12.289936065673828,1444.035400390625,262.92416381835943,259.24978637695307,6.195295333862305,-7.4687957763671875,263.21627807617193,260.8295135498047,4.553680419921875,0.21615219116210926,268.90280151367193,264.3433990478516,2.4486446380615234,1.5671701431274414,0.0,0.0021409988403320312,-0.011963605880737305,102217.0,181.3772125244141,0.0,0.0,0.0,0.0,0.0,0.0,0.0,0.0,0.0,0.0,0.0,0.0,0.0,0.0,3.2237224578857417,1.923368453979492,99850.0,195.4327545166016,271.80995178222656,0.0,67.5,0.0,0.0,0.0,0.0,269.71688842773443,269.8675537109375,0.00201,264.65390014648443,69.7,2.399722099304199,1.688518524169922,2.941039039054885,2.399722099304199,1.688518524169922,-50.0,0.0,0.0,0.0,0.0,0.0,0.0,0.0,0.0,0.0,0.0,0.0,0.3728,0.23,73.0,39.0,-50.0,14.0,28.70000000000001,0.0,0.0,4.991718053817749,32.25,0.0,0.0,32.25,--,--,--,--,--,229.0,364.4,205.0,54.0,284.65460205078125,820.0,72.60000000000002,103.8,75.0,50.8,3.790206909179688,-13.172847747802734,2.91360092163086,-7.593122482299805,32.44830703735352,-27.071346282958984,0.0,68.0,99800.0,0.0,68.0,99800.0,3110.0,5710.0,22.9,0.0
16,0,2018,11,28,-10.0,-999.0,0.0,26700.0,-10.0,-10.0,-10.0,4.433268282562494,46.98140907287598,-19.59438705444336,46.62321090698242,-17.05398941040039,5520.2080078125,254.0221099853516,238.87478637695312,29.34744644165039,-19.61451911926269,2959.154296875,265.4027099609375,226.56228637695312,3.9918365478515625,-8.794248580932617,1445.2313232421875,264.13555908203125,259.74978637695307,6.199129104614258,-7.473400115966798,263.91473388671875,262.18728637695307,3.3113384246826167,-0.5242519378662109,269.93972778320307,264.2689208984375,1.0831632614135742,0.9511642456054688,0.0,0.000335693359375,0.016948461532592773,102157.0,177.86710357666016,0.0,0.0,0.0,0.0,0.0,0.0,0.0,0.0,0.0,0.0,0.0,0.0,0.0,0.0,1.574502944946289,1.0055885314941406,99810.0,195.4327545166016,275.0313262939453,0.0,67.8,0.0,0.0,0.0,0.0,270.51031494140625,270.68325805664057,0.002,264.6074676513672,63.40000000000001,1.0774993896484375,0.9492998123168944,1.4392674543196335,1.0774993896484375,0.9492998123168944,-50.0,0.0,0.0,0.0,0.0,0.0,0.0,0.0,0.0,0.0,0.0,0.0,0.3728,0.15,157.0,76.0,-40.0,14.0,27.6,0.0,0.0,4.844404101371764,32.25,0.0,0.0,32.25,--,--,--,--,--,232.8,479.6,207.3,71.125,298.37969970703125,887.0,80.9,120.1,52.0,55.90000000000001,3.1732940673828125,-12.436378479003904,4.4252891540527335,-7.397726058959961,28.88788604736328,-21.2696533203125,0.0,64.0,99800.0,0.0,64.0,99800.0,3700.0,5710.0,20.4,0.0
17,0,2018,11,28,-10.0,-999.0,0.0,28600.0,-10.0,-10.0,-10.0,4.1319993883371335,44.58608627319336,-17.845600128173828,44.16433143615723,-16.430427551269528,5522.951171875,254.2673797607422,243.06228637695312,28.010650634765625,-17.804325103759766,2958.411376953125,266.1978759765625,217.43728637695312,3.604156494140625,-6.709371566772461,1440.579833984375,264.4935302734375,259.12478637695307,6.0893497467041025,-7.116777420043945,264.46209716796875,261.56228637695307,2.408487319946289,0.03009796142578125,270.41085815429693,264.12478637695307,1.241107940673828,1.118085861206055,0.0,-0.018352508544921875,-0.01875209808349609,102081.0,172.08155059814453,0.0,0.0,0.0,0.0,0.0,0.0,0.0,0.0,0.0,0.0,0.0,0.0,0.0,0.0,1.7809123992919922,1.2025718688964844,99740.0,195.4327545166016,276.91961669921875,0.0,67.5,0.0,0.0,0.0,0.0,271.08721923828125,271.30935668945307,0.002,264.5847930908203,60.7,1.2881546020507812,1.1848163604736328,1.7512260879157109,1.2881546020507812,1.1848163604736328,-50.0,0.0,0.0,0.0,0.0,0.0,0.0,0.0,0.0,0.0,0.0,0.0,0.3728,0.18,222.0,105.0,-50.0,14.0,27.3,0.0,0.0,4.770152807235718,32.25,0.0,0.0,32.25,--,--,--,--,--,234.0,539.0,207.3,79.875,306.90081787109375,918.0,82.80000000000003,127.4,34.1,45.1,3.0131912231445312,-11.71076774597168,4.0621910095214835,-7.16917610168457,27.32798194885254,-19.26377487182617,0.0,61.0,99700.0,0.0,61.0,99700.0,3750.0,5780.0,20.3,0.0
18,0,2018,11,28,-10.0,-999.0,0.0,30500.0,-10.0,-10.0,-10.0,4.541745662689209,41.32926940917969,-12.831195831298828,40.92705154418945,-13.050411224365234,5523.3642578125,254.80621337890625,243.56228637695312,27.06964874267578,-14.969945907592773,2958.02685546875,266.0777587890625,223.62478637695312,4.440996170043945,-4.731361389160156,1439.72900390625,264.26104736328125,259.74978637695307,6.837709426879883,-4.7017555236816415,265.4637451171875,262.31228637695307,3.0060386657714844,1.987144470214844,271.45474243164057,264.49978637695307,1.72406005859375,1.75665283203125,0.0,-0.007206916809082031,-0.0014379024505615234,102046.0,169.13898468017578,0.0,0.0,0.0,0.0,0.0,0.0,0.0,0.0,0.0,0.0,0.0,0.0,0.0,0.0,2.118022918701172,2.009698867797852,99700.0,195.4327545166016,277.38150024414057,0.0,67.3,0.0,0.0,0.0,0.0,272.1888427734375,272.46090698242193,0.00203,264.7898406982422,58.2,1.6502656936645508,1.8889789581298828,2.5068608573637903,1.6502656936645508,1.8889789581298828,-50.0,0.0,0.0,0.0,0.0,0.0,0.0,0.0,0.0,0.0,0.0,0.0,0.3728,0.22,195.0,102.0,-40.0,14.0,27.1,0.0,0.0,5.173275709152222,32.25,0.0,0.0,32.25,--,--,--,--,--,233.3,533.8000000000002,210.4,79.125,308.7840270996094,909.0,84.2,125.8,46.0,53.8,3.6125211715698238,-10.080696105957033,4.364377975463866,-4.930620193481445,25.8299560546875,-16.9432373046875,49.12000000000001,57.0,99700.0,50.0,57.0,99700.0,3650.0,5850.0,20.8,0.0
19,0,2018,11,28,-10.0,-999.0,0.0,31000.0,-10.0,-10.0,-10.0,4.765960484743118,40.983978271484375,-6.6970767974853525,38.39317321777344,-8.488506317138674,5533.3359375,254.903076171875,246.56228637695312,25.50160026550293,-12.217575073242188,2962.34521484375,266.84738159179693,210.43728637695312,6.106086730957031,-2.809528350830078,1440.947509765625,264.86776733398443,260.06228637695307,7.082319259643555,-3.6374778747558594,266.16299438476557,262.99978637695307,3.3399524688720703,1.830644607543945,271.7914428710937,264.68728637695307,1.6341514587402344,1.7960586547851562,0.0,-0.03403759002685547,-0.02608203887939453,102015.0,167.09259796142578,0.0,0.0,0.0,0.0,0.0,0.0,0.0,0.0,0.0,0.0,0.0,0.0,0.0,0.0,2.1332807540893555,2.1720924377441406,99680.0,195.4327545166016,277.0582275390625,0.0,67.10000000000001,0.0,0.0,0.0,0.0,272.73385620117193,273.01626586914057,0.0020900000000000003,265.12478637695307,57.6,1.5781412124633791,1.8989601135253904,2.4425835963338614,1.5781412124633791,1.8989601135253904,-50.0,0.0,0.0,0.0,0.0,0.0,0.0,0.0,0.0,0.0,0.0,0.0,0.3728,0.21,154.0,90.0,-20.0,14.0,26.70000000000001,0.0,0.0,5.643813490867615,0.0,0.0,0.0,0.0,--,--,--,--,--,231.9,466.5,212.9,69.125,307.2266082763672,867.0,81.9,115.4,51.40000000000001,40.40000000000001,4.185957908630371,-9.162368774414062,4.950611114501953,-4.866094589233398,23.755352020263672,-14.126054763793945,136.64,56.0,99700.0,140.0,56.0,99700.0,3800.0,5850.0,20.6,0.0
20,0,2018,11,28,-10.0,-999.0,0.0,29900.0,-10.0,-10.0,-10.0,4.7844842821359626,39.71078300476074,-5.413921356201172,36.28001022338867,-7.936553955078125,5538.3544921875,255.18820190429688,246.62478637695312,24.57162094116211,-12.25948715209961,2963.92041015625,267.00357055664057,210.06228637695312,6.240406036376952,-2.2402877807617188,1441.34912109375,264.88265991210943,260.24978637695307,7.133861541748048,-2.8865642547607417,266.704345703125,263.18728637695307,3.291786193847656,1.503314971923828,272.27447509765625,265.31228637695307,1.789785385131836,1.5758438110351562,0.0,0.006062507629394531,0.01903367042541504,101988.0,164.95486450195312,0.0,0.0,0.0,0.0,0.0,0.0,0.0,0.0,0.0,0.0,0.0,0.0,0.0,0.0,2.294252395629884,1.8684425354003904,99650.0,195.4327545166016,276.15994262695307,0.0,67.0,0.0,0.0,0.0,0.0,273.0919189453125,273.37680053710943,0.0021899999999999997,265.74978637695307,59.0,1.714153289794922,1.696502685546875,2.4409766336902976,1.714153289794922,1.696502685546875,-50.0,0.0,0.0,0.0,0.0,0.0,0.0,0.0,0.0,0.0,0.0,0.0,0.3728,0.2,102.0,70.0,0.0,14.0,26.4,0.0,0.0,5.8041762709617615,32.25,0.0,0.0,32.25,--,--,--,--,--,230.6,345.5,214.5,51.25,303.224609375,786.0,73.4,95.7,50.0,37.1,4.0413360595703125,-9.018634796142578,4.967058181762695,-4.544055938720703,22.634723663330078,-13.970354080200195,191.76,58.0,99600.0,190.0,58.0,99600.0,3940.0,5860.0,20.5,0.0
21,0,2018,11,28,-10.0,-999.0,0.0,29300.0,-10.0,-10.0,-10.0,2.8817537128925323,39.24242210388184,-3.786821365356445,35.27157211303711,-7.098075866699219,5546.60498046875,255.2049560546875,250.24978637695312,22.494600296020508,-11.173744201660156,2969.88525390625,267.15545654296875,219.56228637695312,7.484519958496094,-1.862953186035156,1444.107666015625,266.12744140625,259.62478637695307,7.211990356445312,-3.05362319946289,267.4965209960937,263.8819580078125,2.399311065673828,0.7895526885986328,272.8580322265625,265.9788818359375,1.129354476928711,1.2084922790527344,0.0,-0.027670860290527344,-0.003334522247314453,101983.0,164.5723419189453,0.0,0.0,0.0,0.0,0.0,0.0,0.0,0.0,0.0,0.0,0.0,0.0,0.0,0.0,1.4955930709838867,1.4421520233154297,99650.0,195.4327545166016,274.88858032226557,0.0,67.2,0.0,0.0,0.0,0.0,273.213623046875,273.55130004882807,0.0022800000000000003,266.2519989013672,59.8,1.0112571716308594,1.3017168045043943,1.691541246138513,1.0112571716308594,1.3017168045043943,-50.0,0.0,0.0,0.0,0.0,0.0,0.0,0.0,0.0,0.0,0.0,0.0,0.3728,0.14,42.0,44.0,30.0,14.0,26.0,0.0,0.0,6.375327706336975,0.0,0.0,0.0,0.0,--,--,--,--,--,227.6,183.2,217.2,27.125,297.8064270019531,603.0,56.5,64.9,56.0,31.9,3.7317333221435534,-9.119483947753906,4.767292022705078,-4.155773162841797,21.081039428710934,-12.360477447509766,202.0,60.0,99600.0,200.0,59.0,99400.0,4010.0,5870.0,20.1,0.0
22,0,2018,11,28,-10.0,-999.0,0.0,30300.0,-10.0,-10.0,-10.0,2.144029699265957,39.31161117553711,-4.276763916015625,34.66611099243164,-5.554323196411133,5553.7041015625,255.0039367675781,253.12478637695312,21.779499053955078,-6.904977798461914,2975.63330078125,267.4102783203125,222.56228637695312,11.033668518066406,-3.842906951904297,1445.85009765625,267.44503784179693,260.12478637695307,7.01215934753418,-2.689228057861328,267.46368408203125,263.40489196777344,0.9085121154785156,1.0117549896240234,272.8787841796875,265.45681762695307,0.11795997619628905,1.109231948852539,0.0,0.024298667907714844,-0.014634132385253906,101979.0,164.43136596679688,0.0,0.0,0.0,0.0,0.0,0.0,0.0,0.0,0.0,0.0,0.0,0.0,0.0,0.0,0.348846435546875,1.3249130249023438,99650.0,195.4327545166016,272.753173828125,0.0,67.5,0.0,0.0,0.0,0.0,272.8238525390625,273.14663696289057,0.00238,266.81820678710943,63.3,0.09568119049072266,1.1365385055541992,1.1279543046839535,0.09568119049072266,1.1365385055541992,-50.0,0.0,0.0,0.0,0.0,0.0,0.0,0.0,0.0,0.0,0.0,0.0,0.3728,0.05,-1.0,10.0,80.0,14.0,26.1,0.0,0.0,7.170804053544997,0.0,0.0,0.0,0.0,--,--,--,--,--,222.2,18.5,218.9,2.75,288.7001953125,54.0,16.1,9.8,81.0,22.70000000000001,4.958904266357422,-9.301971435546877,5.0450592041015625,-3.9678993225097656,21.431842803955078,-7.8921051025390625,146.56,64.0,99600.0,150.0,64.0,99600.0,4030.0,5830.0,19.1,0.0
23,0,2018,11,28,-10.0,-999.0,0.0,25800.0,-10.0,-10.0,-10.0,2.2398323267698292,38.27643775939941,-3.4822711944580083,33.67936134338379,-4.560770034790039,5556.9892578125,254.743408203125,252.81228637695312,21.3740348815918,-5.928098678588867,2978.25537109375,267.5748291015625,237.12478637695312,12.625499725341795,-5.290128707885742,1445.8299560546875,268.37301635742193,260.74978637695307,6.2334022521972665,-2.4166831970214844,267.46029663085943,263.35240173339844,0.8673515319824219,1.7905845642089844,272.2989501953125,265.6378326416016,0.01984214782714844,1.2080116271972656,0.0,-0.005973339080810547,-0.02306652069091797,101978.0,164.49081420898438,0.0,0.0,0.0,0.0,0.0,0.0,0.0,0.0,0.0,0.0,0.0,0.0,0.0,0.0,0.415776252746582,2.05984115600586,99650.0,195.4327545166016,272.20217895507807,0.0,67.8,0.0,0.0,0.0,0.0,272.16510009765625,272.50076293945307,0.00241,266.9310302734375,67.5,0.028883934020996094,1.3381385803222656,1.3145491622854024,0.028883934020996094,1.3381385803222656,-50.0,0.0,0.0,0.0,0.0,0.0,0.0,0.0,0.0,0.0,0.0,0.0,0.3728,0.08,0.0,10.0,90.0,14.0,26.20000000000001,0.0,0.0,8.171622574329376,0.0,0.0,6.75,6.75,--,--,--,--,--,220.9,0.0,219.9,0.0,286.3990936279297,0.0,0.0,0.0,84.0,19.6,5.1541175842285165,-8.960861206054688,4.361076354980469,-3.1177291870117188,20.80725860595703,-7.663373947143555,48.24,68.0,99600.0,50.0,68.0,99600.0,4070.0,5820.0,18.4,0.0
